-30.00 19.78 0.04
-29.50 19.85 0.04
-29.00 19.86 0.02
-28.50 19.95 0.04
-28.00 19.90 0.02
-27.50 19.96 0.02
-27.00 19.94 0.04
-26.50 19.94 0.02
-26.00 19.97 0.04
-25.50 20.01 0.04
-25.00 19.96 0.02
-24.50 19.97 0.03
-24.00 19.94 0.01
-23.50 19.95 0.04
-23.00 19.88 0.03
-22.50 19.91 0.03
-22.00 19.87 0.05
-21.50 19.87 0.06
-21.00 19.84 0.04
-20.50 19.85 0.02
-20.00 19.82 0.03
-19.50 19.82 0.01
-19.00 19.82 0.06
-18.50 19.78 0.04
-18.00 19.80 0.02
-17.50 19.82 0.02
-17.00 19.79 0.01
-16.50 19.80 0.02
-16.00 19.78 0.04
-15.50 19.85 0.04
-15.00 19.80 0.01
-14.50 19.81 0.01
-14.00 19.81 0.03
-13.50 19.75 0.02
-13.00 19.74 0.01
-12.50 19.77 0.05
-12.00 19.74 0.02
-11.50 19.74 0.00
-11.00 19.69 0.07
-10.50 19.71 0.03
-10.00 19.71 0.04
-9.50 19.71 0.01
-9.00 19.73 0.03
-8.50 19.70 0.02
-8.00 19.72 0.03
-7.50 19.66 0.01
-7.00 19.65 0.03
-6.50 19.71 0.01
-6.00 19.64 0.04
-5.50 19.75 0.03
-5.00 19.75 0.06
-4.50 19.78 0.03
-4.00 19.76 0.05
-3.50 19.77 0.01
-3.00 19.77 0.02
-2.50 19.78 0.04
-2.00 19.76 0.06
-1.50 19.79 0.04
-1.00 19.76 0.02
-0.50 19.69 0.04
0.00 19.68 0.01
0.50 19.65 0.02
1.00 19.56 0.04
1.50 19.43 0.02
2.00 19.36 0.02
2.50 19.25 0.05
3.00 19.06 0.03
3.50 18.88 0.01
4.00 18.60 0.05
4.50 18.30 0.01
5.00 17.95 0.01
5.50 17.60 0.01
6.00 17.22 0.01
6.50 16.79 0.02
7.00 16.35 0.03
7.50 15.87 0.03
8.00 15.40 0.03
8.50 14.90 0.04
9.00 14.41 0.02
9.50 13.92 0.03
10.00 13.41 0.02
