-30.00 12.51 0.05
-29.50 12.60 0.00
-29.00 12.62 0.03
-28.50 12.71 0.06
-28.00 12.77 0.04
-27.50 12.74 0.03
-27.00 12.77 0.02
-26.50 12.77 0.04
-26.00 12.74 0.06
-25.50 12.77 0.04
-25.00 12.74 0.04
-24.50 12.70 0.04
-24.00 12.70 0.06
-23.50 12.69 0.00
-23.00 12.64 0.03
-22.50 12.65 0.02
-22.00 12.62 0.02
-21.50 12.63 0.04
-21.00 12.59 0.01
-20.50 12.58 0.03
-20.00 12.58 0.06
-19.50 12.56 0.02
-19.00 12.55 0.04
-18.50 12.66 0.06
-18.00 12.64 0.05
-17.50 12.67 0.04
-17.00 12.66 0.04
-16.50 12.64 0.05
-16.00 12.59 0.03
-15.50 12.60 0.05
-15.00 12.56 0.03
-14.50 12.57 0.03
-14.00 12.55 0.04
-13.50 12.57 0.03
-13.00 12.55 0.02
-12.50 12.52 0.04
-12.00 12.48 0.01
-11.50 12.48 0.04
-11.00 12.48 0.06
-10.50 12.48 0.01
-10.00 12.46 0.03
-9.50 12.46 0.05
-9.00 12.49 0.05
-8.50 12.47 0.02
-8.00 12.50 0.04
-7.50 12.46 0.02
-7.00 12.46 0.04
-6.50 12.48 0.03
-6.00 12.47 0.06
-5.50 12.46 0.01
-5.00 12.45 0.02
-4.50 12.46 0.04
-4.00 12.51 0.03
-3.50 12.48 0.00
-3.00 12.51 0.03
-2.50 12.49 0.02
-2.00 12.49 0.04
-1.50 12.50 0.02
-1.00 12.45 0.05
-0.50 12.41 0.03
0.00 12.40 0.02
0.50 12.29 0.03
1.00 12.27 0.00
1.50 12.17 0.02
2.00 12.16 0.03
2.50 12.03 0.03
3.00 11.86 0.03
3.50 11.68 0.03
4.00 11.41 0.01
4.50 11.13 0.04
5.00 10.82 0.00
5.50 10.37 0.01
6.00 9.98 0.01
6.50 9.54 0.01
7.00 9.12 0.01
7.50 8.64 0.01
8.00 8.16 0.01
8.50 7.69 0.01
9.00 7.23 0.01
9.50 6.74 0.03
10.00 6.22 0.01
