-30.00 32.51 0.06
-29.50 32.56 0.05
-29.00 32.64 0.03
-28.50 32.74 0.07
-28.00 32.77 0.01
-27.50 32.78 0.03
-27.00 32.75 0.02
-26.50 32.79 0.03
-26.00 32.76 0.05
-25.50 32.75 0.05
-25.00 32.72 0.06
-24.50 32.72 0.04
-24.00 32.68 0.02
-23.50 32.68 0.04
-23.00 32.68 0.05
-22.50 32.66 0.04
-22.00 32.66 0.03
-21.50 32.60 0.04
-21.00 32.56 0.02
-20.50 32.56 0.05
-20.00 32.59 0.04
-19.50 32.53 0.03
-19.00 32.58 0.01
-18.50 32.65 0.04
-18.00 32.68 0.02
-17.50 32.64 0.05
-17.00 32.66 0.03
-16.50 32.62 0.05
-16.00 32.61 0.03
-15.50 32.59 0.01
-15.00 32.59 0.03
-14.50 32.58 0.05
-14.00 32.56 0.03
-13.50 32.56 0.01
-13.00 32.57 0.05
-12.50 32.55 0.04
-12.00 32.54 0.02
-11.50 32.49 0.02
-11.00 32.51 0.03
-10.50 32.47 0.02
-10.00 32.47 0.03
-9.50 32.46 0.04
-9.00 32.49 0.05
-8.50 32.48 0.02
-8.00 32.51 0.03
-7.50 32.47 0.02
-7.00 32.47 0.05
-6.50 32.46 0.01
-6.00 32.48 0.02
-5.50 32.45 0.03
-5.00 32.49 0.02
-4.50 32.49 0.04
-4.00 32.49 0.01
-3.50 32.50 0.03
-3.00 32.51 0.00
-2.50 32.53 0.02
-2.00 32.52 0.02
-1.50 32.50 0.00
-1.00 32.45 0.02
-0.50 32.42 0.01
0.00 32.39 0.01
0.50 32.32 0.03
1.00 32.25 0.03
1.50 32.15 0.04
2.00 32.19 0.02
2.50 32.03 0.03
3.00 31.86 0.04
3.50 31.70 0.04
4.00 31.43 0.01
4.50 31.12 0.04
5.00 30.75 0.01
5.50 30.40 0.01
6.00 30.01 0.01
6.50 29.58 0.02
7.00 29.12 0.02
7.50 28.67 0.02
8.00 28.20 0.02
8.50 27.71 0.03
9.00 27.22 0.02
9.50 26.74 0.04
10.00 26.22 0.01
