-30.00 -30.60 0.03
-29.44 -30.57 0.04
-28.88 -30.51 0.02
-28.31 -30.45 0.03
-27.75 -30.44 0.03
-27.19 -30.43 0.04
-26.62 -30.41 0.05
-26.06 -30.47 0.03
-25.50 -30.41 0.01
-24.94 -30.40 0.04
-24.38 -30.46 0.02
-23.81 -30.47 0.05
-23.25 -30.46 0.03
-22.69 -30.52 0.04
-22.12 -30.53 0.01
-21.56 -30.54 0.02
-21.00 -30.55 0.02
-20.44 -30.58 0.05
-19.88 -30.57 0.03
-19.31 -30.57 0.01
-18.75 -30.57 0.01
-18.19 -30.59 0.04
-17.62 -30.61 0.04
-17.06 -30.57 0.01
-16.50 -30.63 0.02
-15.94 -30.59 0.05
-15.38 -30.58 0.02
-14.81 -30.58 0.03
-14.25 -30.61 0.04
-13.69 -30.62 0.02
-13.12 -30.61 0.02
-12.56 -30.63 0.03
-12.00 -30.62 0.01
-11.44 -30.66 0.03
-10.88 -30.64 0.02
-10.31 -30.66 0.04
-9.75 -30.70 0.01
-9.19 -30.66 0.04
-8.62 -30.66 0.01
-8.06 -30.65 0.01
-7.50 -30.69 0.02
-6.94 -30.67 0.03
-6.38 -30.66 0.02
-5.81 -30.67 0.02
-5.25 -30.64 0.02
-4.69 -30.61 0.02
-4.12 -30.58 0.03
-3.56 -30.58 0.01
-3.00 -30.59 0.01
-2.44 -30.56 0.02
-1.88 -30.56 0.03
-1.31 -30.56 0.02
-0.75 -30.54 0.03
-0.19 -30.56 0.04
0.38 -30.58 0.02
0.94 -30.59 0.03
1.50 -30.59 0.05
2.06 -30.57 0.01
2.62 -30.61 0.02
3.19 -30.62 0.03
3.75 -30.65 0.03
4.31 -30.64 0.05
4.88 -30.52 0.01
5.44 -30.55 0.02
6.00 -30.52 0.01
6.56 -30.52 0.02
7.12 -30.49 0.02
7.69 -30.46 0.02
8.25 -30.48 0.03
8.81 -30.51 0.01
9.38 -30.54 0.01
9.94 -30.52 0.02
10.50 -30.56 0.04
11.06 -30.55 0.05
11.62 -30.58 0.03
12.19 -30.62 0.02
12.75 -30.61 0.03
13.31 -30.65 0.01
13.88 -30.62 0.05
14.44 -30.67 0.02
15.00 -30.56 0.02
