-30.00 22.70 0.03
-29.50 22.78 0.05
-29.00 22.84 0.03
-28.50 22.93 0.05
-28.00 22.96 0.05
-27.50 22.96 0.04
-27.00 23.00 0.01
-26.50 23.00 0.03
-26.00 22.97 0.05
-25.50 22.97 0.04
-25.00 22.94 0.06
-24.50 22.90 0.03
-24.00 22.86 0.01
-23.50 22.89 0.03
-23.00 22.84 0.04
-22.50 22.86 0.01
-22.00 22.81 0.04
-21.50 22.78 0.05
-21.00 22.78 0.02
-20.50 22.77 0.02
-20.00 22.76 0.04
-19.50 22.80 0.02
-19.00 22.78 0.04
-18.50 22.85 0.03
-18.00 22.81 0.05
-17.50 22.78 0.02
-17.00 22.80 0.04
-16.50 22.79 0.04
-16.00 22.81 0.01
-15.50 22.80 0.03
-15.00 22.76 0.05
-14.50 22.76 0.05
-14.00 22.74 0.06
-13.50 22.71 0.04
-13.00 22.70 0.03
-12.50 22.72 0.04
-12.00 22.68 0.04
-11.50 22.69 0.01
-11.00 22.67 0.03
-10.50 22.65 0.05
-10.00 22.64 0.03
-9.50 22.68 0.01
-9.00 22.64 0.04
-8.50 22.73 0.04
-8.00 22.76 0.02
-7.50 22.71 0.05
-7.00 22.72 0.03
-6.50 22.71 0.03
-6.00 22.68 0.03
-5.50 22.67 0.04
-5.00 22.67 0.01
-4.50 22.71 0.03
-4.00 22.71 0.04
-3.50 22.72 0.03
-3.00 22.76 0.01
-2.50 22.71 0.02
-2.00 22.75 0.04
-1.50 22.70 0.03
-1.00 22.68 0.04
-0.50 22.70 0.02
0.00 22.59 0.04
0.50 22.55 0.03
1.00 22.51 0.05
1.50 22.39 0.05
2.00 22.34 0.01
2.50 22.25 0.02
3.00 22.07 0.03
3.50 21.85 0.04
4.00 21.60 0.02
4.50 21.34 0.02
5.00 21.00 0.02
5.50 20.61 0.04
6.00 20.20 0.02
6.50 19.78 0.02
7.00 19.35 0.02
7.50 18.88 0.03
8.00 18.42 0.02
8.50 17.90 0.03
9.00 17.42 0.02
9.50 16.94 0.03
10.00 16.43 0.02
