-30.00 32.49 0.01
-29.50 32.56 0.03
-29.00 32.62 0.03
-28.50 32.73 0.02
-28.00 32.73 0.06
-27.50 32.77 0.03
-27.00 32.72 0.02
-26.50 32.76 0.05
-26.00 32.75 0.06
-25.50 32.72 0.03
-25.00 32.71 0.01
-24.50 32.71 0.03
-24.00 32.69 0.04
-23.50 32.64 0.03
-23.00 32.62 0.01
-22.50 32.64 0.03
-22.00 32.62 0.01
-21.50 32.61 0.02
-21.00 32.60 0.04
-20.50 32.54 0.04
-20.00 32.55 0.00
-19.50 32.52 0.02
-19.00 32.56 0.02
-18.50 32.61 0.02
-18.00 32.62 0.05
-17.50 32.63 0.01
-17.00 32.63 0.02
-16.50 32.63 0.03
-16.00 32.57 0.03
-15.50 32.59 0.01
-15.00 32.56 0.02
-14.50 32.53 0.04
-14.00 32.57 0.02
-13.50 32.50 0.02
-13.00 32.52 0.03
-12.50 32.48 0.00
-12.00 32.49 0.01
-11.50 32.47 0.03
-11.00 32.46 0.04
-10.50 32.46 0.03
-10.00 32.47 0.04
-9.50 32.48 0.01
-9.00 32.45 0.02
-8.50 32.44 0.03
-8.00 32.51 0.01
-7.50 32.49 0.02
-7.00 32.48 0.02
-6.50 32.45 0.03
-6.00 32.42 0.01
-5.50 32.43 0.05
-5.00 32.46 0.02
-4.50 32.44 0.04
-4.00 32.47 0.03
-3.50 32.48 0.02
-3.00 32.50 0.04
-2.50 32.49 0.05
-2.00 32.51 0.02
-1.50 32.46 0.03
-1.00 32.46 0.01
-0.50 32.37 0.04
0.00 32.39 0.02
0.50 32.30 0.01
1.00 32.23 0.03
1.50 32.16 0.03
2.00 32.16 0.01
2.50 32.07 0.04
3.00 31.84 0.01
3.50 31.67 0.04
4.00 31.45 0.02
4.50 31.14 0.03
5.00 30.79 0.03
5.50 30.41 0.03
6.00 30.01 0.02
6.50 29.59 0.01
7.00 29.13 0.04
7.50 28.67 0.04
8.00 28.17 0.01
8.50 27.73 0.01
9.00 27.21 0.03
9.50 26.74 0.02
10.00 26.24 0.03
