-30.00 -10.17 0.02
-29.50 -10.07 0.05
-29.00 -10.02 0.04
-28.50 -10.01 0.02
-28.00 -9.99 0.02
-27.50 -9.98 0.06
-27.00 -9.96 0.04
-26.50 -9.98 0.06
-26.00 -9.98 0.04
-25.50 -9.96 0.02
-25.00 -10.00 0.02
-24.50 -9.99 0.04
-24.00 -10.04 0.02
-23.50 -10.05 0.04
-23.00 -10.03 0.02
-22.50 -10.06 0.03
-22.00 -10.11 0.03
-21.50 -10.10 0.05
-21.00 -10.11 0.01
-20.50 -10.11 0.02
-20.00 -10.12 0.04
-19.50 -10.13 0.07
-19.00 -10.16 0.03
-18.50 -10.14 0.04
-18.00 -10.14 0.02
-17.50 -10.17 0.04
-17.00 -10.14 0.03
-16.50 -10.15 0.01
-16.00 -10.20 0.04
-15.50 -10.11 0.05
-15.00 -10.13 0.02
-14.50 -10.17 0.04
-14.00 -10.15 0.03
-13.50 -10.18 0.01
-13.00 -10.17 0.02
-12.50 -10.19 0.01
-12.00 -10.19 0.02
-11.50 -10.20 0.03
-11.00 -10.26 0.03
-10.50 -10.24 0.01
-10.00 -10.27 0.02
-9.50 -10.25 0.02
-9.00 -10.24 0.03
-8.50 -10.22 0.00
-8.00 -10.24 0.02
-7.50 -10.25 0.04
-7.00 -10.26 0.04
-6.50 -10.25 0.04
-6.00 -10.30 0.03
-5.50 -10.22 0.01
-5.00 -10.20 0.04
-4.50 -10.18 0.03
-4.00 -10.20 0.01
-3.50 -10.13 0.02
-3.00 -10.15 0.04
-2.50 -10.12 0.04
-2.00 -10.16 0.02
-1.50 -10.15 0.03
-1.00 -10.11 0.01
-0.50 -10.12 0.03
0.00 -10.15 0.05
0.50 -10.16 0.03
1.00 -10.15 0.01
1.50 -10.20 0.03
2.00 -10.17 0.05
2.50 -10.20 0.03
3.00 -10.23 0.01
3.50 -10.21 0.03
4.00 -10.21 0.05
4.50 -10.13 0.04
5.00 -10.11 0.06
5.50 -10.06 0.02
6.00 -10.11 0.03
6.50 -10.06 0.06
7.00 -10.04 0.03
7.50 -10.06 0.05
8.00 -10.03 0.03
8.50 -10.06 0.05
9.00 -10.09 0.04
9.50 -10.08 0.01
10.00 -10.08 0.03
