 -3.000000  23.540000 -1036.000000 736.000000
 -2.666667  23.893333 -1036.000000 736.000000
 -2.333333  24.226667 -1036.000000 736.000000
 -2.000000  24.540000 -1100.000000 804.000000
 -1.666667  24.860000 -1176.000000 872.000000
 -1.333333  25.196667 -1176.000000 872.000000
 -1.000000  25.550000 -1176.000000 872.000000
 -0.666667  25.843333 -1252.000000 952.000000
 -0.333333  26.146667 -1252.000000 952.000000
  0.000000  26.460000 -1252.000000 952.000000
  0.333333  26.766667 -1388.000000 1084.000000
  0.666667  27.060000 -1388.000000 1084.000000
  1.000000  27.340000 -1432.000000 1124.000000
  1.333333  27.620000 -1432.000000 1124.000000
  1.666667  27.886667 -1580.000000 1280.000000
  2.000000  28.140000 -1580.000000 1280.000000
  2.333333  28.400000 -1748.000000 1444.000000
  2.666667  28.633333 -1748.000000 1444.000000
  3.000000  28.840000 -1748.000000 1444.000000
  3.333333  29.040000 -1876.000000 1576.000000
  3.666667  29.233333 -1876.000000 1576.000000
  4.000000  29.420000 -2020.000000 1720.000000
  4.333333  29.553333 -2020.000000 1720.000000
  4.666667  29.666667 -2240.000000 1936.000000
  5.000000  29.760000 -2240.000000 1936.000000
  5.333333  29.840000 -2240.000000 1936.000000
  5.666667  29.910000 -2388.000000 2084.000000
  6.000000  29.970000 -2560.000000 2256.000000
  6.333333  29.996667 -2560.000000 2256.000000
  6.666667  30.036667 -2560.000000 2256.000000
  7.000000  30.090000 -2836.000000 2540.000000
  7.333333  30.150000 -2836.000000 2540.000000
  7.666667  30.183333 -2836.000000 2540.000000
  8.000000  30.190000 -3056.000000 2760.000000
  8.333333  30.203333 -3056.000000 2760.000000
  8.666667  30.206667 -3168.000000 2868.000000
  9.000000  30.200000 -3168.000000 2868.000000
  9.333333  30.200000 -3684.000000 3380.000000
  9.666667  30.196667 -3684.000000 3380.000000
 10.000000  30.190000 -3952.000000 3644.000000
