-29.666667  -3.000000 -1036.000000 732.000000
-29.367816  -2.666667 -1080.000000 764.000000
-29.080460  -2.333333 -1104.000000 800.000000
-28.769231  -2.000000 -1140.000000 832.000000
-28.448718  -1.666667 -1176.000000 864.000000
-28.128205  -1.333333 -1216.000000 904.000000
-27.811321  -1.000000 -1256.000000 940.000000
-27.496377  -0.666667 -1292.000000 984.000000
-27.134058  -0.333333 -1340.000000 1032.000000
-26.785714   0.000000 -1388.000000 1084.000000
-26.446667   0.333333 -1388.000000 1080.000000
-26.113333   0.666667 -1480.000000 1176.000000
-25.788462   1.000000 -1528.000000 1220.000000
-25.460317   1.333333 -1580.000000 1272.000000
-25.063492   1.666667 -1644.000000 1336.000000
-24.745455   2.000000 -1696.000000 1384.000000
-24.434028   2.333333 -1752.000000 1440.000000
-24.086806   2.666667 -1812.000000 1504.000000
-23.715909   3.000000 -1872.000000 1568.000000
-23.350694   3.333333 -1944.000000 1636.000000
-23.003472   3.666667 -2016.000000 1700.000000
-22.725000   4.000000 -2072.000000 1756.000000
-22.426357   4.333333 -2136.000000 1824.000000
-22.038760   4.666667 -2220.000000 1908.000000
-21.693878   5.000000 -2336.000000 2028.000000
-21.340741   5.333333 -2392.000000 2080.000000
-20.975309   5.666667 -2480.000000 2164.000000
-20.666667   6.000000 -2556.000000 2244.000000
-20.336879   6.333333 -2648.000000 2336.000000
-19.983333   6.666667 -2748.000000 2436.000000
-19.650000   7.000000 -2844.000000 2536.000000
-19.316667   7.333333 -2844.000000 2532.000000
-18.983333   7.666667 -3056.000000 2744.000000
-18.650000   8.000000 -3168.000000 2852.000000
-18.316667   8.333333 -3288.000000 2976.000000
-17.982993   8.666667 -3412.000000 3092.000000
-17.642857   9.000000 -3536.000000 3220.000000
-17.298611   9.333333 -3664.000000 3356.000000
-16.954248   9.666667 -3880.000000 3568.000000
-16.627451  10.000000 -3944.000000 3632.000000
-16.304487  10.333333 -4080.000000 3768.000000
-15.981061  10.666667 -4216.000000 3904.000000
-15.602273  11.000000 -4396.000000 4084.000000
-15.261438  11.333333 -4552.000000 4244.000000
-14.925926  11.666667 -4720.000000 4412.000000
-14.555556  12.000000 -4996.000000 4688.000000
-14.222222  12.333333 -5092.000000 4784.000000
-13.881481  12.666667 -5292.000000 4968.000000
-13.511111  13.000000 -5492.000000 5196.000000
-13.194969  13.333333 -5688.000000 5376.000000
-12.884848  13.666667 -5880.000000 5572.000000
-12.581818  14.000000 -6076.000000 5768.000000
-12.235507  14.333333 -6588.000000 6320.000000
-11.887821  14.666667 -6552.000000 6236.000000
-11.567308  15.000000 -6772.000000 6480.000000
-11.246795  15.333333 -7132.000000 6708.000000
-10.918440  15.666667 -7280.000000 6972.000000
-10.563830  16.000000 -7560.000000 7252.000000
-10.232026  16.333333 -7844.000000 7532.000000
 -9.899306  16.666667 -8316.000000 8004.000000
 -9.552083  17.000000 -8464.000000 8148.000000
 -9.227564  17.333333 -8768.000000 8452.000000
 -8.897163  17.666667 -9152.000000 8780.000000
 -8.542553  18.000000 -9456.000000 9144.000000
 -8.212418  18.333333 -9816.000000 9500.000000
 -7.875887  18.666667 -10192.000000 9872.000000
 -7.521277  19.000000 -10728.000000 10408.000000
 -7.198718  19.333333 -10972.000000 10656.000000
 -6.870748  19.666667 -11376.000000 11060.000000
 -6.530612  20.000000 -11812.000000 11496.000000
 -6.208333  20.333333 -12224.000000 11912.000000
 -5.867424  20.666667 -12680.000000 12364.000000
 -5.490385  21.000000 -13228.000000 12912.000000
 -5.169872  21.333333 -13912.000000 13596.000000
 -4.840136  21.666667 -14240.000000 13928.000000
 -4.500000  22.000000 -14804.000000 14488.000000
 -4.185535  22.333333 -16204.000000 15260.000000
 -3.863333  22.666667 -15900.000000 15596.000000
 -3.530000  23.000000 -16512.000000 16192.000000
 -3.202614  23.333333 -17124.000000 16832.000000
 -2.880503  23.666667 -17820.000000 17512.000000
 -2.566038  24.000000 -18380.000000 18060.000000
 -2.219858  24.333333 -19084.000000 18772.000000
 -1.868056  24.666667 -19904.000000 19588.000000
 -1.520833  25.000000 -20548.000000 20236.000000
 -1.204403  25.333333 -21228.000000 20924.000000
 -0.867424  25.666667 -21976.000000 21660.000000
 -0.489362  26.000000 -23208.000000 22892.000000
 -0.134752  26.333333 -23600.000000 23288.000000
  0.224638  26.666667 -24416.000000 24088.000000
  0.595238  27.000000 -25244.000000 24920.000000
  0.992063  27.333333 -26116.000000 25792.000000
  1.388889  27.666667 -26984.000000 26660.000000
  1.815789  28.000000 -27908.000000 27580.000000
  2.247863  28.333333 -28936.000000 28600.000000
  2.720430  28.666667 -29704.000000 29372.000000
  3.266667  29.000000 -30652.000000 30300.000000
  3.845238  29.333333 -31480.000000 31136.000000
  4.666667  29.666667 -32360.000000 32024.000000
  6.375000  30.000000 -32768.000000 32764.000000
