 -3.000000  23.540000 -1040.000000 736.000000
 -2.666667  23.893333 -1036.000000 736.000000
 -2.333333  24.226667 -1036.000000 736.000000
 -2.000000  24.540000 -1132.000000 836.000000
 -1.666667  24.860000 -1132.000000 836.000000
 -1.333333  25.196667 -1212.000000 912.000000
 -1.000000  25.550000 -1212.000000 912.000000
 -0.666667  25.843333 -1212.000000 912.000000
 -0.333333  26.146667 -1292.000000 992.000000
  0.000000  26.460000 -1292.000000 992.000000
  0.333333  26.766667 -1436.000000 1144.000000
  0.666667  27.060000 -1484.000000 1176.000000
  1.000000  27.340000 -1484.000000 1176.000000
  1.333333  27.620000 -1484.000000 1176.000000
  1.666667  27.886667 -1484.000000 1176.000000
  2.000000  28.140000 -1640.000000 1340.000000
  2.333333  28.400000 -1640.000000 1340.000000
  2.666667  28.633333 -1816.000000 1516.000000
  3.000000  28.840000 -1816.000000 1516.000000
  3.333333  29.040000 -1972.000000 1664.000000
  3.666667  29.233333 -1972.000000 1664.000000
  4.000000  29.420000 -1972.000000 1664.000000
  4.333333  29.553333 -2072.000000 1768.000000
  4.666667  29.666667 -2072.000000 1768.000000
  5.000000  29.760000 -2232.000000 1932.000000
  5.333333  29.840000 -2232.000000 1932.000000
  5.666667  29.910000 -2552.000000 2272.000000
  6.000000  29.970000 -2552.000000 2272.000000
  6.333333  29.996667 -2700.000000 2396.000000
  6.666667  30.036667 -2700.000000 2396.000000
  7.000000  30.090000 -2700.000000 2396.000000
  7.333333  30.150000 -2864.000000 2556.000000
  7.666667  30.183333 -2864.000000 2556.000000
  8.000000  30.190000 -3060.000000 2760.000000
  8.333333  30.203333 -3292.000000 2988.000000
  8.666667  30.206667 -3292.000000 2988.000000
  9.000000  30.200000 -3292.000000 2988.000000
  9.333333  30.200000 -3292.000000 2988.000000
  9.666667  30.196667 -3684.000000 3384.000000
 10.000000  30.190000 -3684.000000 3384.000000
