 -3.000000  23.540000 -1036.000000 728.000000
 -2.666667  23.893333 -1036.000000 728.000000
 -2.333333  24.226667 -1068.000000 764.000000
 -2.000000  24.540000 -1068.000000 764.000000
 -1.666667  24.860000 -1176.000000 872.000000
 -1.333333  25.196667 -1176.000000 872.000000
 -1.000000  25.550000 -1256.000000 948.000000
 -0.666667  25.843333 -1256.000000 948.000000
 -0.333333  26.146667 -1256.000000 948.000000
  0.000000  26.460000 -1340.000000 1032.000000
  0.333333  26.766667 -1340.000000 1032.000000
  0.666667  27.060000 -1432.000000 1132.000000
  1.000000  27.340000 -1432.000000 1132.000000
  1.333333  27.620000 -1580.000000 1276.000000
  1.666667  27.886667 -1580.000000 1276.000000
  2.000000  28.140000 -1696.000000 1396.000000
  2.333333  28.400000 -1696.000000 1396.000000
  2.666667  28.633333 -1696.000000 1396.000000
  3.000000  28.840000 -1812.000000 1500.000000
  3.333333  29.040000 -1812.000000 1500.000000
  3.666667  29.233333 -2020.000000 1716.000000
  4.000000  29.420000 -2020.000000 1716.000000
  4.333333  29.553333 -2072.000000 1768.000000
  4.666667  29.666667 -2072.000000 1768.000000
  5.000000  29.760000 -2072.000000 1768.000000
  5.333333  29.840000 -2308.000000 1996.000000
  5.666667  29.910000 -2308.000000 1996.000000
  6.000000  29.970000 -2556.000000 2252.000000
  6.333333  29.996667 -2556.000000 2252.000000
  6.666667  30.036667 -2744.000000 2452.000000
  7.000000  30.090000 -2744.000000 2452.000000
  7.333333  30.150000 -2744.000000 2452.000000
  7.666667  30.183333 -3024.000000 2724.000000
  8.000000  30.190000 -3024.000000 2724.000000
  8.333333  30.203333 -3296.000000 2988.000000
  8.666667  30.206667 -3296.000000 2988.000000
  9.000000  30.200000 -3532.000000 3228.000000
  9.333333  30.200000 -3532.000000 3228.000000
  9.666667  30.196667 -3808.000000 3504.000000
 10.000000  30.190000 -3808.000000 3504.000000
