 -3.000000  23.540000 -1040.000000 732.000000
 -2.666667  23.893333 -1040.000000 732.000000
 -2.333333  24.226667 -1040.000000 732.000000
 -2.000000  24.540000 -18916.000000 18612.000000
 -1.666667  24.860000 -18916.000000 18612.000000
 -1.333333  25.196667 -20496.000000 20200.000000
 -1.000000  25.550000 -20496.000000 20200.000000
 -0.666667  25.843333 -22968.000000 22644.000000
 -0.333333  26.146667 -22968.000000 22644.000000
  0.000000  26.460000 -24000.000000 23684.000000
  0.333333  26.766667 -24000.000000 23684.000000
  0.666667  27.060000 -24000.000000 23684.000000
  1.000000  27.340000 -25484.000000 25168.000000
  1.333333  27.620000 -25484.000000 25168.000000
  1.666667  27.886667 -27756.000000 27428.000000
  2.000000  28.140000 -27756.000000 27428.000000
  2.333333  28.400000 -28388.000000 28060.000000
  2.666667  28.633333 -28388.000000 28060.000000
  3.000000  28.840000 -28388.000000 28060.000000
  3.333333  29.040000 -30296.000000 29948.000000
  3.666667  29.233333 -31320.000000 30972.000000
  4.000000  29.420000 -31320.000000 30972.000000
  4.333333  29.553333 -31320.000000 30972.000000
  4.666667  29.666667 -32704.000000 32416.000000
  5.000000  29.760000 -32704.000000 32416.000000
  5.333333  29.840000 -32704.000000 32416.000000
  5.666667  29.910000 -32768.000000 32564.000000
  6.000000  29.970000 -32768.000000 32564.000000
  6.333333  29.996667 -32768.000000 32764.000000
