 -3.480769  29.000000 -30724.000000 30384.000000
 -3.461344  29.020202 -30776.000000 30456.000000
 -3.441919  29.040404 -30860.000000 30504.000000
 -3.422494  29.060606 -30884.000000 30540.000000
 -3.403069  29.080808 -30940.000000 30592.000000
 -3.383644  29.101010 -31032.000000 30680.000000
 -3.364219  29.121212 -31096.000000 30772.000000
 -3.344794  29.141414 -31128.000000 30780.000000
 -3.325369  29.161616 -31200.000000 30852.000000
 -3.305944  29.181818 -31232.000000 30888.000000
 -3.286519  29.202020 -31268.000000 30916.000000
 -3.267094  29.222222 -31328.000000 30980.000000
 -3.247669  29.242424 -31372.000000 31024.000000
 -3.228244  29.262626 -31436.000000 31080.000000
 -3.208819  29.282828 -31488.000000 31144.000000
 -3.189394  29.303030 -31548.000000 31196.000000
 -3.169969  29.323232 -31596.000000 31244.000000
 -3.150544  29.343434 -31664.000000 31296.000000
 -3.131119  29.363636 -31740.000000 31380.000000
 -3.111694  29.383838 -31760.000000 31412.000000
 -3.092269  29.404040 -31820.000000 31472.000000
 -3.072844  29.424242 -31868.000000 31512.000000
 -3.053419  29.444444 -31888.000000 31556.000000
 -3.033994  29.464646 -31960.000000 31600.000000
 -3.014569  29.484848 -31996.000000 31660.000000
 -2.994846  29.505051 -32040.000000 31704.000000
 -2.974232  29.525253 -32108.000000 31760.000000
 -2.953618  29.545455 -32168.000000 31816.000000
 -2.933004  29.565657 -32240.000000 31888.000000
 -2.912389  29.585859 -32288.000000 31936.000000
 -2.891775  29.606061 -32348.000000 32000.000000
 -2.871161  29.626263 -32408.000000 32048.000000
 -2.850546  29.646465 -32464.000000 32108.000000
 -2.829932  29.666667 -32540.000000 32172.000000
 -2.809318  29.686869 -32548.000000 32208.000000
 -2.788703  29.707071 -32616.000000 32264.000000
 -2.768089  29.727273 -32696.000000 32364.000000
 -2.747475  29.747475 -32740.000000 32396.000000
 -2.726860  29.767677 -32768.000000 32436.000000
 -2.706246  29.787879 -32768.000000 32520.000000
 -2.685632  29.808081 -32768.000000 32520.000000
 -2.665018  29.828283 -32768.000000 32632.000000
 -2.644403  29.848485 -32768.000000 32672.000000
 -2.623789  29.868687 -32768.000000 32740.000000
 -2.603175  29.888889 -32768.000000 32728.000000
 -2.582560  29.909091 -32768.000000 32764.000000
 -2.561946  29.929293 -32768.000000 32764.000000
 -2.541332  29.949495 -32768.000000 32764.000000
 -2.520717  29.969697 -32768.000000 32764.000000
 -2.500103  29.989899 -32768.000000 32764.000000
 -2.480672  30.010101 -32768.000000 32764.000000
 -2.461247  30.030303 -32768.000000 32764.000000
 -2.441822  30.050505 -32768.000000 32764.000000
 -2.422397  30.070707 -32768.000000 32764.000000
 -2.402972  30.090909 -32768.000000 32764.000000
 -2.383547  30.111111 -32768.000000 32764.000000
 -2.364122  30.131313 -32768.000000 32764.000000
 -2.344697  30.151515 -32768.000000 32764.000000
 -2.325272  30.171717 -32768.000000 32764.000000
 -2.305847  30.191919 -32768.000000 32764.000000
 -2.286422  30.212121 -32768.000000 32764.000000
 -2.266997  30.232323 -32768.000000 32764.000000
 -2.247572  30.252525 -32768.000000 32764.000000
 -2.228147  30.272727 -32768.000000 32764.000000
 -2.208722  30.292929 -32768.000000 32764.000000
 -2.189297  30.313131 -32768.000000 32764.000000
 -2.169872  30.333333 -32768.000000 32764.000000
 -2.150447  30.353535 -32768.000000 32764.000000
 -2.131022  30.373737 -32768.000000 32764.000000
 -2.111597  30.393939 -32768.000000 32764.000000
 -2.092172  30.414141 -32768.000000 32764.000000
 -2.072747  30.434343 -32768.000000 32764.000000
 -2.053322  30.454545 -32768.000000 32764.000000
 -2.033897  30.474747 -32768.000000 32764.000000
 -2.014472  30.494949 -32768.000000 32764.000000
 -1.994276  30.515152 -32768.000000 32764.000000
 -1.971829  30.535354 -32768.000000 32764.000000
 -1.949383  30.555556 -32768.000000 32764.000000
 -1.926936  30.575758 -32768.000000 32764.000000
 -1.904489  30.595960 -32768.000000 32764.000000
 -1.882043  30.616162 -32768.000000 32764.000000
 -1.859596  30.636364 -32768.000000 32764.000000
 -1.837149  30.656566 -32768.000000 32764.000000
 -1.814703  30.676768 -32768.000000 32764.000000
 -1.792256  30.696970 -32768.000000 32764.000000
 -1.769809  30.717172 -32768.000000 32764.000000
 -1.747363  30.737374 -32768.000000 32764.000000
 -1.724916  30.757576 -32768.000000 32764.000000
 -1.702469  30.777778 -32768.000000 32764.000000
 -1.680022  30.797980 -32768.000000 32764.000000
 -1.657576  30.818182 -32768.000000 32764.000000
 -1.635129  30.838384 -32768.000000 32764.000000
 -1.612682  30.858586 -32768.000000 32764.000000
 -1.590236  30.878788 -32768.000000 32764.000000
 -1.567789  30.898990 -32768.000000 32764.000000
 -1.545342  30.919192 -32768.000000 32764.000000
 -1.522896  30.939394 -32768.000000 32764.000000
 -1.500449  30.959596 -32768.000000 32764.000000
 -1.480202  30.979798 -32768.000000 32764.000000
 -1.460000  31.000000 -32768.000000 32764.000000
