-29.666667  -3.000000 -1036.000000 736.000000
-29.367816  -2.666667 -1072.000000 768.000000
-29.080460  -2.333333 -1104.000000 796.000000
-28.769231  -2.000000 -1144.000000 832.000000
-28.448718  -1.666667 -1176.000000 868.000000
-28.128205  -1.333333 -1212.000000 908.000000
-27.811321  -1.000000 -1256.000000 948.000000
-27.496377  -0.666667 -1296.000000 988.000000
-27.134058  -0.333333 -1340.000000 1032.000000
-26.785714   0.000000 -1388.000000 1080.000000
-26.446667   0.333333 -1432.000000 1124.000000
-26.113333   0.666667 -1484.000000 1168.000000
-25.788462   1.000000 -1528.000000 1220.000000
-25.460317   1.333333 -1580.000000 1272.000000
-25.063492   1.666667 -1644.000000 1332.000000
-24.745455   2.000000 -1696.000000 1388.000000
-24.434028   2.333333 -1752.000000 1440.000000
-24.086806   2.666667 -1812.000000 1500.000000
-23.715909   3.000000 -1876.000000 1572.000000
-23.350694   3.333333 -1944.000000 1636.000000
-23.003472   3.666667 -2016.000000 1704.000000
-22.725000   4.000000 -2076.000000 1760.000000
-22.426357   4.333333 -2136.000000 1824.000000
-22.038760   4.666667 -2224.000000 1908.000000
-21.693878   5.000000 -2300.000000 1992.000000
-21.340741   5.333333 -2388.000000 2080.000000
-20.975309   5.666667 -2480.000000 2172.000000
-20.666667   6.000000 -2564.000000 2252.000000
-20.336879   6.333333 -2648.000000 2340.000000
-19.983333   6.666667 -2752.000000 2440.000000
-19.650000   7.000000 -2848.000000 2540.000000
-19.316667   7.333333 -2956.000000 2648.000000
-18.983333   7.666667 -3060.000000 2752.000000
-18.650000   8.000000 -3168.000000 2864.000000
-18.316667   8.333333 -3284.000000 2980.000000
-17.982993   8.666667 -3404.000000 3100.000000
-17.642857   9.000000 -3536.000000 3224.000000
-17.298611   9.333333 -3664.000000 3356.000000
-16.954248   9.666667 -3808.000000 3492.000000
-16.627451  10.000000 -3940.000000 3632.000000
-16.304487  10.333333 -4080.000000 3768.000000
-15.981061  10.666667 -4224.000000 3912.000000
-15.602273  11.000000 -4400.000000 4084.000000
-15.261438  11.333333 -4560.000000 4252.000000
-14.925926  11.666667 -4732.000000 4416.000000
-14.555556  12.000000 -4924.000000 4616.000000
-14.222222  12.333333 -5096.000000 4792.000000
-13.881481  12.666667 -5284.000000 4984.000000
-13.511111  13.000000 -5504.000000 5192.000000
-13.194969  13.333333 -5692.000000 5376.000000
-12.884848  13.666667 -5884.000000 5572.000000
-12.581818  14.000000 -6076.000000 5768.000000
-12.235507  14.333333 -6312.000000 6004.000000
-11.887821  14.666667 -6556.000000 6244.000000
-11.567308  15.000000 -6784.000000 6472.000000
-11.246795  15.333333 -7024.000000 6720.000000
-10.918440  15.666667 -7284.000000 6976.000000
-10.563830  16.000000 -7572.000000 7256.000000
-10.232026  16.333333 -7852.000000 7540.000000
 -9.899306  16.666667 -8148.000000 7836.000000
 -9.552083  17.000000 -8472.000000 8164.000000
 -9.227564  17.333333 -8780.000000 8468.000000
 -8.897163  17.666667 -9104.000000 8796.000000
 -8.542553  18.000000 -9476.000000 9160.000000
 -8.212418  18.333333 -9832.000000 9516.000000
 -7.875887  18.666667 -10200.000000 9892.000000
 -7.521277  19.000000 -10608.000000 10296.000000
 -7.198718  19.333333 -11000.000000 10680.000000
 -6.870748  19.666667 -11396.000000 11080.000000
 -6.530612  20.000000 -11832.000000 11516.000000
 -6.208333  20.333333 -12244.000000 11936.000000
 -5.867424  20.666667 -12704.000000 12396.000000
 -5.490385  21.000000 -13244.000000 12944.000000
 -5.169872  21.333333 -13248.000000 13440.000000
 -4.840136  21.666667 -14268.000000 13956.000000
 -4.500000  22.000000 -14828.000000 14516.000000
 -4.185535  22.333333 -15364.000000 15048.000000
 -3.863333  22.666667 -15936.000000 15620.000000
 -3.530000  23.000000 -16540.000000 16228.000000
 -3.202614  23.333333 -17156.000000 16852.000000
 -2.880503  23.666667 -17152.000000 16844.000000
 -2.566038  24.000000 -18408.000000 18096.000000
 -2.219858  24.333333 -19120.000000 18796.000000
 -1.868056  24.666667 -19840.000000 19532.000000
 -1.520833  25.000000 -20588.000000 20276.000000
 -1.204403  25.333333 -21264.000000 20952.000000
 -0.867424  25.666667 -22016.000000 21708.000000
 -0.489362  26.000000 -22012.000000 21700.000000
 -0.134752  26.333333 -23644.000000 23324.000000
  0.224638  26.666667 -24456.000000 24136.000000
  0.595238  27.000000 -25276.000000 24968.000000
  0.992063  27.333333 -26156.000000 25832.000000
  1.388889  27.666667 -27396.000000 26708.000000
  1.815789  28.000000 -27936.000000 27612.000000
  2.247863  28.333333 -27940.000000 27616.000000
  2.720430  28.666667 -29736.000000 29400.000000
  3.266667  29.000000 -30668.000000 30336.000000
  3.845238  29.333333 -31500.000000 31156.000000
  4.666667  29.666667 -32380.000000 32040.000000
  6.375000  30.000000 -32768.000000 32764.000000
