 -3.000000  23.540000 -1036.000000 736.000000
 -2.666667  23.893333 -1036.000000 736.000000
 -2.333333  24.226667 -1100.000000 796.000000
 -2.000000  24.540000 -1100.000000 836.000000
 -1.666667  24.860000 -1136.000000 836.000000
 -1.333333  25.196667 -1136.000000 836.000000
 -1.000000  25.550000 -1136.000000 836.000000
 -0.666667  25.843333 -1248.000000 948.000000
 -0.333333  26.146667 -1340.000000 1036.000000
  0.000000  26.460000 -1340.000000 1036.000000
  0.333333  26.766667 -1340.000000 1036.000000
  0.666667  27.060000 -1484.000000 1176.000000
  1.000000  27.340000 -1484.000000 1176.000000
  1.333333  27.620000 -1484.000000 1176.000000
  1.666667  27.886667 -1592.000000 1280.000000
  2.000000  28.140000 -1592.000000 1280.000000
  2.333333  28.400000 -1640.000000 1336.000000
  2.666667  28.633333 -1640.000000 1336.000000
  3.000000  28.840000 -1908.000000 1600.000000
  3.333333  29.040000 -1908.000000 1600.000000
  3.666667  29.233333 -2012.000000 1708.000000
  4.000000  29.420000 -2012.000000 1708.000000
  4.333333  29.553333 -2012.000000 1708.000000
  4.666667  29.666667 -2136.000000 1832.000000
  5.000000  29.760000 -2136.000000 1832.000000
  5.333333  29.840000 -2392.000000 2096.000000
  5.666667  29.910000 -2392.000000 2172.000000
  6.000000  29.970000 -2476.000000 2172.000000
  6.333333  29.996667 -2476.000000 2172.000000
  6.666667  30.036667 -2476.000000 2172.000000
  7.000000  30.090000 -2748.000000 2440.000000
  7.333333  30.150000 -2952.000000 2648.000000
  7.666667  30.183333 -2952.000000 2648.000000
  8.000000  30.190000 -2952.000000 2648.000000
  8.333333  30.203333 -3296.000000 2996.000000
  8.666667  30.206667 -3296.000000 2996.000000
  9.000000  30.200000 -3296.000000 2996.000000
  9.333333  30.200000 -3532.000000 3232.000000
  9.666667  30.196667 -3532.000000 3232.000000
 10.000000  30.190000 -3884.000000 3584.000000
