-29.666667  -3.000000 -1036.000000 724.000000
-29.359108  -2.656566 -1068.000000 760.000000
-29.063044  -2.313131 -1100.000000 796.000000
-28.740093  -1.969697 -1144.000000 832.000000
-28.409868  -1.626263 -1176.000000 876.000000
-28.079643  -1.282828 -1220.000000 920.000000
-27.754145  -0.939394 -1264.000000 948.000000
-27.419521  -0.595960 -1308.000000 988.000000
-27.046223  -0.252525 -1348.000000 1044.000000
-26.692950   0.090909 -1400.000000 1088.000000
-26.345657   0.434343 -1452.000000 1136.000000
-26.002222   0.777778 -1492.000000 1184.000000
-25.671911   1.121212 -1544.000000 1236.000000
-25.303992   1.464646 -1600.000000 1296.000000
-24.919927   1.808081 -1664.000000 1352.000000
-24.607713   2.151515 -1716.000000 1404.000000
-24.265678   2.494949 -1776.000000 1464.000000
-23.899564   2.838384 -1840.000000 1528.000000
-23.509298   3.181818 -1912.000000 1600.000000
-23.150779   3.525253 -1980.000000 1668.000000
-22.834428   3.868687 -2048.000000 1732.000000
-22.548232   4.212121 -2104.000000 1792.000000
-22.167959   4.555556 -2188.000000 1876.000000
-21.796949   4.898990 -2272.000000 1960.000000
-21.441751   5.242424 -2360.000000 2044.000000
-21.060157   5.585859 -2452.000000 2140.000000
-20.732136   5.929293 -2540.000000 2228.000000
-20.401354   6.272727 -2632.000000 2316.000000
-20.035998   6.616162 -2728.000000 2420.000000
-19.690404   6.959596 -2860.000000 2524.000000
-19.346970   7.303030 -2936.000000 2628.000000
-19.003535   7.646465 -3040.000000 2740.000000
-18.660101   7.989899 -3160.000000 2848.000000
-18.316667   8.333333 -3280.000000 2968.000000
-17.972686   8.676768 -3400.000000 3096.000000
-17.622243   9.020202 -3532.000000 3224.000000
-17.267045   9.363636 -3672.000000 3356.000000
-16.914637   9.707071 -3812.000000 3500.000000
-16.577936  10.050505 -3952.000000 3640.000000
-16.246212  10.393939 -4100.000000 3780.000000
-15.900712  10.737374 -4248.000000 3936.000000
-15.510445  11.080808 -4428.000000 4116.000000
-15.172311  11.424242 -4592.000000 4272.000000
-14.813692  11.767677 -4768.000000 4456.000000
-14.440087  12.111111 -4964.000000 4656.000000
-14.103387  12.454545 -5152.000000 4840.000000
-13.735578  12.797980 -5356.000000 5044.000000
-13.376024  13.141414 -5568.000000 5252.000000
-13.052030  13.484848 -5768.000000 5460.000000
-12.737925  13.828283 -5960.000000 5652.000000
-12.411177  14.171717 -6280.000000 5964.000000
-12.037879  14.515152 -6428.000000 6120.000000
-11.703283  14.858586 -6668.000000 6356.000000
-11.373057  15.202020 -6916.000000 6600.000000
-11.042832  15.545455 -7168.000000 6852.000000
-10.682033  15.888889 -7452.000000 7144.000000
-10.331056  16.232323 -7744.000000 7436.000000
 -9.994003  16.575758 -8032.000000 7724.000000
 -9.636258  16.919192 -8364.000000 8048.000000
 -9.295552  17.262626 -8688.000000 8376.000000
 -8.961638  17.606061 -9012.000000 8720.000000
 -8.596282  17.949495 -9388.000000 9072.000000
 -8.252030  18.292929 -9752.000000 9432.000000
 -7.908124  18.636364 -10136.000000 9820.000000
 -7.542768  18.979798 -10556.000000 10240.000000
 -7.208430  19.323232 -10944.000000 10624.000000
 -6.870748  19.666667 -11360.000000 11044.000000
 -6.520305  20.010101 -11808.000000 11492.000000
 -6.188908  20.353535 -12244.000000 11924.000000
 -5.832989  20.696970 -12708.000000 12400.000000
 -5.451535  21.040404 -13264.000000 12948.000000
 -5.121309  21.383838 -14080.000000 13740.000000
 -4.778293  21.727273 -14316.000000 14016.000000
 -4.433295  22.070707 -14892.000000 14580.000000
 -4.109301  22.414141 -15448.000000 15136.000000
 -3.772424  22.757576 -16032.000000 15716.000000
 -3.430382  23.101010 -16660.000000 16348.000000
 -3.093682  23.444444 -17292.000000 16988.000000
 -2.766152  23.787879 -17948.000000 17636.000000
 -2.434773  24.131313 -18608.000000 18284.000000
 -2.069418  24.474747 -19356.000000 19036.000000
 -1.710227  24.818182 -20104.000000 19788.000000
 -1.366400  25.161616 -20848.000000 20532.000000
 -1.042405  25.505051 -21564.000000 21244.000000
 -0.660813  25.848485 -22396.000000 22076.000000
 -0.285192  26.191919 -23224.000000 22908.000000
  0.081906  26.535354 -24044.000000 23728.000000
  0.455204  26.878788 -24880.000000 24560.000000
  0.859788  27.222222 -25780.000000 25460.000000
  1.268639  27.565657 -26696.000000 26376.000000
  1.696172  27.909091 -27616.000000 27292.000000
  2.144263  28.252525 -28544.000000 28224.000000
  2.606386  28.595960 -29472.000000 29132.000000
  3.165657  28.939394 -30468.000000 30112.000000
  3.755051  29.282828 -31340.000000 30996.000000
  4.522367  29.626263 -32220.000000 31880.000000
  5.998316  29.969697 -32768.000000 32764.000000
