 -3.480769  29.000000 -30720.000000 30376.000000
 -3.461538  29.020000 -30768.000000 30412.000000
 -3.442308  29.040000 -30800.000000 30460.000000
 -3.423077  29.060000 -30856.000000 30508.000000
 -3.403846  29.080000 -30908.000000 30568.000000
 -3.384615  29.100000 -30960.000000 30616.000000
 -3.365385  29.120000 -31012.000000 30656.000000
 -3.346154  29.140000 -31060.000000 30712.000000
 -3.326923  29.160000 -31100.000000 30752.000000
 -3.307692  29.180000 -31104.000000 30748.000000
 -3.288462  29.200000 -31192.000000 30852.000000
 -3.269231  29.220000 -31240.000000 30904.000000
 -3.250000  29.240000 -31308.000000 30956.000000
 -3.230769  29.260000 -31364.000000 31024.000000
 -3.211538  29.280000 -31428.000000 31068.000000
 -3.192308  29.300000 -31480.000000 31136.000000
 -3.173077  29.320000 -31472.000000 31152.000000
 -3.153846  29.340000 -31564.000000 31220.000000
 -3.134615  29.360000 -31612.000000 31272.000000
 -3.115385  29.380000 -31676.000000 31324.000000
 -3.096154  29.400000 -31724.000000 31372.000000
 -3.076923  29.420000 -31780.000000 31436.000000
 -3.057692  29.440000 -31844.000000 31504.000000
 -3.038462  29.460000 -31876.000000 31532.000000
 -3.019231  29.480000 -31928.000000 31588.000000
 -3.000000  29.500000 -32000.000000 31636.000000
 -2.979592  29.520000 -32048.000000 31696.000000
 -2.959184  29.540000 -32100.000000 31764.000000
 -2.938776  29.560000 -32164.000000 31812.000000
 -2.918367  29.580000 -32224.000000 31876.000000
 -2.897959  29.600000 -32276.000000 31908.000000
 -2.877551  29.620000 -32312.000000 31968.000000
 -2.857143  29.640000 -32360.000000 32020.000000
 -2.836735  29.660000 -32416.000000 32068.000000
 -2.816327  29.680000 -32476.000000 32128.000000
 -2.795918  29.700000 -32532.000000 32180.000000
 -2.775510  29.720000 -32620.000000 32268.000000
 -2.755102  29.740000 -32604.000000 32256.000000
 -2.734694  29.760000 -32692.000000 32344.000000
 -2.714286  29.780000 -32760.000000 32400.000000
 -2.693878  29.800000 -32768.000000 32456.000000
 -2.673469  29.820000 -32768.000000 32512.000000
 -2.653061  29.840000 -32768.000000 32568.000000
 -2.632653  29.860000 -32768.000000 32640.000000
 -2.612245  29.880000 -32768.000000 32676.000000
 -2.591837  29.900000 -32768.000000 32728.000000
 -2.571429  29.920000 -32768.000000 32764.000000
 -2.551020  29.940000 -32768.000000 32764.000000
 -2.530612  29.960000 -32768.000000 32764.000000
 -2.510204  29.980000 -32768.000000 32764.000000
 -2.490385  30.000000 -32768.000000 32764.000000
 -2.471154  30.020000 -32768.000000 32764.000000
 -2.451923  30.040000 -32768.000000 32764.000000
 -2.432692  30.060000 -32768.000000 32764.000000
 -2.413462  30.080000 -32768.000000 32764.000000
 -2.394231  30.100000 -32768.000000 32764.000000
 -2.375000  30.120000 -32768.000000 32764.000000
 -2.355769  30.140000 -32768.000000 32764.000000
 -2.336538  30.160000 -32768.000000 32764.000000
 -2.317308  30.180000 -32768.000000 32764.000000
 -2.298077  30.200000 -32768.000000 32764.000000
 -2.278846  30.220000 -32768.000000 32764.000000
 -2.259615  30.240000 -32768.000000 32764.000000
 -2.240385  30.260000 -32768.000000 32764.000000
 -2.221154  30.280000 -32768.000000 32764.000000
 -2.201923  30.300000 -32768.000000 32764.000000
 -2.182692  30.320000 -32768.000000 32764.000000
 -2.163462  30.340000 -32768.000000 32764.000000
 -2.144231  30.360000 -32768.000000 32764.000000
 -2.125000  30.380000 -32768.000000 32764.000000
 -2.105769  30.400000 -32768.000000 32764.000000
 -2.086538  30.420000 -32768.000000 32764.000000
 -2.067308  30.440000 -32768.000000 32764.000000
 -2.048077  30.460000 -32768.000000 32764.000000
 -2.028846  30.480000 -32768.000000 32764.000000
 -2.009615  30.500000 -32768.000000 32764.000000
 -1.988889  30.520000 -32768.000000 32764.000000
 -1.966667  30.540000 -32768.000000 32764.000000
 -1.944444  30.560000 -32768.000000 32764.000000
 -1.922222  30.580000 -32768.000000 32764.000000
 -1.900000  30.600000 -32768.000000 32764.000000
 -1.877778  30.620000 -32768.000000 32764.000000
 -1.855556  30.640000 -32768.000000 32764.000000
 -1.833333  30.660000 -32768.000000 32764.000000
 -1.811111  30.680000 -32768.000000 32764.000000
 -1.788889  30.700000 -32768.000000 32764.000000
 -1.766667  30.720000 -32768.000000 32764.000000
 -1.744444  30.740000 -32768.000000 32764.000000
 -1.722222  30.760000 -32768.000000 32764.000000
 -1.700000  30.780000 -32768.000000 32764.000000
 -1.677778  30.800000 -32768.000000 32764.000000
 -1.655556  30.820000 -32768.000000 32764.000000
 -1.633333  30.840000 -32768.000000 32764.000000
 -1.611111  30.860000 -32768.000000 32764.000000
 -1.588889  30.880000 -32768.000000 32764.000000
 -1.566667  30.900000 -32768.000000 32764.000000
 -1.544444  30.920000 -32768.000000 32764.000000
 -1.522222  30.940000 -32768.000000 32764.000000
 -1.500000  30.960000 -32768.000000 32764.000000
 -1.480000  30.980000 -32768.000000 32764.000000
 -1.460000  31.000000 -32768.000000 32764.000000
