-29.552632   3.000000 -1900.000000 1588.000000
-29.294643   3.290000 -1960.000000 1644.000000
-29.035714   3.580000 -2016.000000 1708.000000
-28.795082   3.870000 -2072.000000 1756.000000
-28.557377   4.160000 -2128.000000 1812.000000
-28.280000   4.450000 -2188.000000 1880.000000
-27.990741   4.740000 -2260.000000 1948.000000
-27.722222   5.030000 -2336.000000 2008.000000
-27.444444   5.320000 -2396.000000 2084.000000
-27.122222   5.610000 -2476.000000 2184.000000
-26.833333   5.900000 -2552.000000 2248.000000
-26.564815   6.190000 -2624.000000 2316.000000
-26.275510   6.480000 -2716.000000 2400.000000
-25.978723   6.770000 -2792.000000 2496.000000
-25.670213   7.060000 -2880.000000 2568.000000
-25.367347   7.350000 -2972.000000 2668.000000
-25.071429   7.640000 -3076.000000 2756.000000
-24.780000   7.930000 -3160.000000 2848.000000
-24.489583   8.220000 -3264.000000 2944.000000
-24.187500   8.510000 -3360.000000 3048.000000
-23.877778   8.800000 -3468.000000 3156.000000
-23.555556   9.090000 -3596.000000 3276.000000
-23.250000   9.380000 -3704.000000 3392.000000
-22.951923   9.670000 -3820.000000 3512.000000
-22.673077   9.960000 -3936.000000 3632.000000
-22.385417  10.250000 -4060.000000 3740.000000
-22.083333  10.540000 -4196.000000 3884.000000
-21.785714  10.830000 -4328.000000 4012.000000
-21.489796  11.120000 -4460.000000 4148.000000
-21.193878  11.410000 -4600.000000 4280.000000
-20.886364  11.700000 -4760.000000 4444.000000
-20.556818  11.990000 -4928.000000 4624.000000
-20.264706  12.280000 -5092.000000 4768.000000
-19.978723  12.570000 -5244.000000 4944.000000
-19.670213  12.860000 -5420.000000 5108.000000
-19.379630  13.150000 -5604.000000 5292.000000
-19.111111  13.440000 -5772.000000 5460.000000
-18.845455  13.730000 -5940.000000 5624.000000
-18.581818  14.020000 -6116.000000 5804.000000
-18.303922  14.310000 -6296.000000 5996.000000
-18.019608  14.600000 -6496.000000 6184.000000
-17.735294  14.890000 -6704.000000 6396.000000
-17.450000  15.180000 -6916.000000 6608.000000
-17.160000  15.470000 -7144.000000 6828.000000
-16.870000  15.760000 -7368.000000 7056.000000
-16.580000  16.050000 -7604.000000 7288.000000
-16.261364  16.340000 -7876.000000 7556.000000
-15.942308  16.630000 -8156.000000 7836.000000
-15.663462  16.920000 -8396.000000 8080.000000
-15.372340  17.210000 -8660.000000 8348.000000
-15.063830  17.500000 -8956.000000 8632.000000
-14.755319  17.790000 -9252.000000 8936.000000
-14.453704  18.080000 -9572.000000 9248.000000
-14.185185  18.370000 -9852.000000 9540.000000
-13.895349  18.660000 -10160.000000 9852.000000
-13.558140  18.950000 -10536.000000 10232.000000
-13.269231  19.240000 -10872.000000 10556.000000
-12.989130  19.530000 -11200.000000 10892.000000
-12.673913  19.820000 -11608.000000 11292.000000
-12.372549  20.110000 -11988.000000 11668.000000
-12.088235  20.400000 -12360.000000 12048.000000
-11.791667  20.690000 -12760.000000 12456.000000
-11.489796  20.980000 -13184.000000 12872.000000
-11.193878  21.270000 -13624.000000 13320.000000
-10.900000  21.560000 -14072.000000 13736.000000
-10.610000  21.850000 -14524.000000 14200.000000
-10.323529  22.140000 -14988.000000 14676.000000
-10.039216  22.430000 -15452.000000 15140.000000
 -9.754902  22.720000 -15964.000000 15640.000000
 -9.468085  23.010000 -16460.000000 16140.000000
 -9.159574  23.300000 -17036.000000 16724.000000
 -8.857143  23.590000 -17620.000000 17308.000000
 -8.561224  23.880000 -18204.000000 17884.000000
 -8.298246  24.170000 -18732.000000 18416.000000
 -8.043860  24.460000 -19264.000000 18948.000000
 -7.750000  24.750000 -19896.000000 19584.000000
 -7.448980  25.040000 -20556.000000 20236.000000
 -7.153061  25.330000 -21224.000000 20904.000000
 -6.851064  25.620000 -21892.000000 21584.000000
 -6.542553  25.910000 -22620.000000 22288.000000
 -6.234043  26.200000 -23336.000000 23020.000000
 -5.931373  26.490000 -24044.000000 23720.000000
 -5.647059  26.780000 -24796.000000 24472.000000
 -5.367925  27.070000 -25504.000000 25172.000000
 -5.094340  27.360000 -26220.000000 25904.000000
 -4.802083  27.650000 -27004.000000 26680.000000
 -4.500000  27.940000 -27828.000000 27488.000000
 -4.226415  28.230000 -28572.000000 28236.000000
 -3.950980  28.520000 -29340.000000 29000.000000
 -3.666667  28.810000 -30108.000000 29776.000000
 -3.384615  29.100000 -30908.000000 30560.000000
 -3.105769  29.390000 -31680.000000 31332.000000
 -2.816327  29.680000 -32468.000000 32116.000000
 -2.520408  29.970000 -32768.000000 32764.000000
 -2.240385  30.260000 -32768.000000 32764.000000
 -1.955556  30.550000 -32768.000000 32764.000000
 -1.633333  30.840000 -32768.000000 32764.000000
 -1.330000  31.130000 -32768.000000 32764.000000
 -1.040000  31.420000 -32768.000000 32764.000000
 -0.695122  31.710000 -32768.000000 32764.000000
 -0.375000  32.000000 -32768.000000 32764.000000
