-29.666667  -3.000000 -1036.000000 724.000000
-29.367816  -2.666667 -1068.000000 752.000000
-29.080460  -2.333333 -1100.000000 788.000000
-28.769231  -2.000000 -1128.000000 820.000000
-28.448718  -1.666667 -1164.000000 860.000000
-28.128205  -1.333333 -1204.000000 900.000000
-27.811321  -1.000000 -1244.000000 940.000000
-27.496377  -0.666667 -1288.000000 980.000000
-27.134058  -0.333333 -1332.000000 1024.000000
-26.785714   0.000000 -1372.000000 1064.000000
-26.446667   0.333333 -1420.000000 1116.000000
-26.113333   0.666667 -1472.000000 1164.000000
-25.788462   1.000000 -1516.000000 1208.000000
-25.460317   1.333333 -1572.000000 1260.000000
-25.063492   1.666667 -1632.000000 1324.000000
-24.745455   2.000000 -1680.000000 1368.000000
-24.434028   2.333333 -1732.000000 1432.000000
-24.086806   2.666667 -1796.000000 1492.000000
-23.715909   3.000000 -1860.000000 1548.000000
-23.350694   3.333333 -1928.000000 1620.000000
-23.003472   3.666667 -1996.000000 1692.000000
-22.725000   4.000000 -2052.000000 1748.000000
-22.426357   4.333333 -2116.000000 1800.000000
-22.038760   4.666667 -2196.000000 1892.000000
-21.693878   5.000000 -2280.000000 1964.000000
-21.340741   5.333333 -2368.000000 2056.000000
-20.975309   5.666667 -2452.000000 2140.000000
-20.666667   6.000000 -2536.000000 2224.000000
-20.336879   6.333333 -2616.000000 2316.000000
-19.983333   6.666667 -2724.000000 2412.000000
-19.650000   7.000000 -2816.000000 2508.000000
-19.316667   7.333333 -2920.000000 2612.000000
-18.983333   7.666667 -3024.000000 2712.000000
-18.650000   8.000000 -3132.000000 2828.000000
-18.316667   8.333333 -3248.000000 2940.000000
-17.982993   8.666667 -3376.000000 3064.000000
-17.642857   9.000000 -3500.000000 3184.000000
-17.298611   9.333333 -3628.000000 3320.000000
-16.954248   9.666667 -3764.000000 3452.000000
-16.627451  10.000000 -3904.000000 3596.000000
-16.304487  10.333333 -4044.000000 3732.000000
-15.981061  10.666667 -4184.000000 3864.000000
-15.602273  11.000000 -4348.000000 4044.000000
-15.261438  11.333333 -4508.000000 4196.000000
-14.925926  11.666667 -4672.000000 4364.000000
-14.555556  12.000000 -4868.000000 4556.000000
-14.222222  12.333333 -5044.000000 4732.000000
-13.881481  12.666667 -5228.000000 4920.000000
-13.511111  13.000000 -5440.000000 5132.000000
-13.194969  13.333333 -5628.000000 5320.000000
-12.884848  13.666667 -5820.000000 5504.000000
-12.581818  14.000000 -6008.000000 5704.000000
-12.235507  14.333333 -6248.000000 5932.000000
-11.887821  14.666667 -6488.000000 6172.000000
-11.567308  15.000000 -6708.000000 6396.000000
-11.246795  15.333333 -6964.000000 6656.000000
-10.918440  15.666667 -7204.000000 6888.000000
-10.563830  16.000000 -7496.000000 7184.000000
-10.232026  16.333333 -7764.000000 7452.000000
 -9.899306  16.666667 -8056.000000 7748.000000
 -9.552083  17.000000 -8372.000000 8056.000000
 -9.227564  17.333333 -8676.000000 8364.000000
 -8.897163  17.666667 -8996.000000 8692.000000
 -8.542553  18.000000 -9364.000000 9056.000000
 -8.212418  18.333333 -9708.000000 9396.000000
 -7.875887  18.666667 -10088.000000 9768.000000
 -7.521277  19.000000 -10488.000000 10172.000000
 -7.198718  19.333333 -10884.000000 10564.000000
 -6.870748  19.666667 -11268.000000 10944.000000
 -6.530612  20.000000 -11700.000000 11376.000000
 -6.208333  20.333333 -12136.000000 11800.000000
 -5.867424  20.666667 -12552.000000 12236.000000
 -5.490385  21.000000 -13088.000000 12780.000000
 -5.169872  21.333333 -13592.000000 13276.000000
 -4.840136  21.666667 -14100.000000 13780.000000
 -4.500000  22.000000 -14644.000000 14328.000000
 -4.185535  22.333333 -15172.000000 14856.000000
 -3.863333  22.666667 -15744.000000 15424.000000
 -3.530000  23.000000 -16328.000000 16012.000000
 -3.202614  23.333333 -17040.000000 16732.000000
 -2.880503  23.666667 -17580.000000 17264.000000
 -2.566038  24.000000 -18368.000000 18060.000000
 -2.219858  24.333333 -18932.000000 18604.000000
 -1.868056  24.666667 -19644.000000 19332.000000
 -1.520833  25.000000 -20384.000000 20064.000000
 -1.204403  25.333333 -21060.000000 20736.000000
 -0.867424  25.666667 -21804.000000 21496.000000
 -0.489362  26.000000 -22636.000000 22316.000000
 -0.134752  26.333333 -23420.000000 23112.000000
  0.224638  26.666667 -24228.000000 23912.000000
  0.595238  27.000000 -25064.000000 24740.000000
  0.992063  27.333333 -25944.000000 25620.000000
  1.388889  27.666667 -26824.000000 26496.000000
  1.815789  28.000000 -27748.000000 27416.000000
  2.247863  28.333333 -28652.000000 28320.000000
  2.720430  28.666667 -29576.000000 29236.000000
  3.266667  29.000000 -30544.000000 30192.000000
  3.845238  29.333333 -31476.000000 31120.000000
  4.666667  29.666667 -32320.000000 31972.000000
  6.375000  30.000000 -32768.000000 32764.000000
