-29.666667  -3.000000 -1044.000000 732.000000
-29.367816  -2.666667 -1044.000000 732.000000
-29.080460  -2.333333 -1072.000000 764.000000
-28.769231  -2.000000 -1072.000000 764.000000
-28.448718  -1.666667 -1140.000000 836.000000
-28.128205  -1.333333 -1140.000000 836.000000
-27.811321  -1.000000 -1140.000000 944.000000
-27.496377  -0.666667 -1252.000000 944.000000
-27.134058  -0.333333 -1348.000000 1036.000000
-26.785714   0.000000 -1348.000000 1036.000000
-26.446667   0.333333 -1348.000000 1036.000000
-26.113333   0.666667 -1436.000000 1128.000000
-25.788462   1.000000 -1436.000000 1128.000000
-25.460317   1.333333 -1584.000000 1280.000000
-25.063492   1.666667 -1584.000000 1280.000000
-24.745455   2.000000 -1584.000000 1384.000000
-24.434028   2.333333 -1700.000000 1384.000000
-24.086806   2.666667 -1700.000000 1384.000000
-23.715909   3.000000 -1900.000000 1600.000000
-23.350694   3.333333 -1952.000000 1644.000000
-23.003472   3.666667 -1952.000000 1644.000000
-22.725000   4.000000 -1952.000000 1644.000000
-22.426357   4.333333 -1952.000000 1644.000000
-22.038760   4.666667 -2136.000000 1828.000000
-21.693878   5.000000 -2136.000000 1828.000000
-21.340741   5.333333 -2380.000000 2068.000000
-20.975309   5.666667 -2380.000000 2068.000000
-20.666667   6.000000 -2596.000000 2260.000000
-20.336879   6.333333 -2596.000000 2260.000000
-19.983333   6.666667 -2596.000000 2260.000000
-19.650000   7.000000 -2756.000000 2448.000000
-19.316667   7.333333 -2960.000000 2652.000000
-18.983333   7.666667 -2960.000000 2652.000000
-18.650000   8.000000 -2960.000000 2652.000000
-18.316667   8.333333 -3304.000000 2996.000000
-17.982993   8.666667 -3304.000000 2996.000000
-17.642857   9.000000 -3548.000000 3232.000000
-17.298611   9.333333 -3548.000000 3232.000000
-16.954248   9.666667 -3548.000000 3232.000000
-16.627451  10.000000 -3820.000000 3508.000000
-16.304487  10.333333 -3820.000000 3508.000000
-15.981061  10.666667 -4248.000000 3936.000000
-15.602273  11.000000 -4404.000000 4100.000000
-15.261438  11.333333 -4404.000000 4100.000000
-14.925926  11.666667 -4404.000000 4100.000000
-14.555556  12.000000 -4404.000000 4100.000000
-14.222222  12.333333 -4928.000000 4628.000000
-13.881481  12.666667 -4928.000000 4628.000000
-13.511111  13.000000 -5612.000000 5308.000000
-13.194969  13.333333 -5612.000000 5308.000000
-12.884848  13.666667 -6036.000000 5720.000000
-12.581818  14.000000 -6036.000000 5720.000000
-12.235507  14.333333 -6036.000000 5720.000000
-11.887821  14.666667 -6328.000000 6016.000000
-11.567308  15.000000 -6796.000000 6492.000000
-11.246795  15.333333 -6796.000000 6492.000000
-10.918440  15.666667 -6796.000000 6492.000000
-10.563830  16.000000 -7628.000000 7312.000000
-10.232026  16.333333 -7628.000000 7312.000000
 -9.899306  16.666667 -8356.000000 8040.000000
 -9.552083  17.000000 -8356.000000 8040.000000
 -9.227564  17.333333 -8356.000000 8040.000000
 -8.897163  17.666667 -8840.000000 8524.000000
 -8.542553  18.000000 -8840.000000 8524.000000
 -8.212418  18.333333 -9496.000000 9180.000000
 -7.875887  18.666667 -10228.000000 9912.000000
 -7.521277  19.000000 -10228.000000 9912.000000
 -7.198718  19.333333 -10228.000000 9912.000000
 -6.870748  19.666667 -10228.000000 9912.000000
 -6.530612  20.000000 -11472.000000 11160.000000
 -6.208333  20.333333 -11472.000000 11160.000000
 -5.867424  20.666667 -12276.000000 11960.000000
 -5.490385  21.000000 -12276.000000 11960.000000
 -5.169872  21.333333 -13452.000000 13132.000000
 -4.840136  21.666667 -13452.000000 13132.000000
 -4.500000  22.000000 -13452.000000 13132.000000
 -4.185535  22.333333 -14964.000000 14652.000000
 -3.863333  22.666667 -15980.000000 15656.000000
 -3.530000  23.000000 -15980.000000 15656.000000
 -3.202614  23.333333 -15980.000000 15656.000000
 -2.880503  23.666667 -17188.000000 16880.000000
 -2.566038  24.000000 -17188.000000 16880.000000
 -2.219858  24.333333 -19152.000000 18840.000000
 -1.868056  24.666667 -19152.000000 18840.000000
 -1.520833  25.000000 -19152.000000 18840.000000
 -1.204403  25.333333 -20628.000000 20308.000000
 -0.867424  25.666667 -20628.000000 20308.000000
 -0.489362  26.000000 -23276.000000 22964.000000
 -0.134752  26.333333 -23692.000000 23376.000000
  0.224638  26.666667 -23692.000000 23376.000000
  0.595238  27.000000 -23692.000000 23376.000000
  0.992063  27.333333 -23692.000000 23376.000000
  1.388889  27.666667 -26200.000000 25872.000000
  1.815789  28.000000 -26200.000000 25872.000000
  2.247863  28.333333 -30132.000000 28696.000000
  2.720430  28.666667 -30132.000000 28696.000000
  3.266667  29.000000 -30872.000000 30536.000000
  3.845238  29.333333 -30872.000000 30536.000000
  4.666667  29.666667 -30872.000000 30536.000000
  6.375000  30.000000 -32388.000000 32040.000000
