-29.552632   3.000000 -1908.000000 1600.000000
-29.292027   3.292929 -1960.000000 1648.000000
-29.030483   3.585859 -2024.000000 1708.000000
-28.787879   3.878788 -2088.000000 1764.000000
-28.547773   4.171717 -2128.000000 1824.000000
-28.265354   4.464646 -2200.000000 1880.000000
-27.974467   4.757576 -2272.000000 1952.000000
-27.703236   5.050505 -2336.000000 2016.000000
-27.418406   5.343434 -2412.000000 2088.000000
-27.092929   5.636364 -2492.000000 2188.000000
-26.806210   5.929293 -2568.000000 2248.000000
-26.534979   6.222222 -2644.000000 2328.000000
-26.239641   6.515152 -2732.000000 2404.000000
-25.938212   6.808081 -2812.000000 2500.000000
-25.626585   7.101010 -2916.000000 2588.000000
-25.322511   7.393939 -3000.000000 2688.000000
-25.023603   7.686869 -3088.000000 2792.000000
-24.730202   7.979798 -3200.000000 2876.000000
-24.434659   8.272727 -3288.000000 2972.000000
-24.129524   8.565657 -3392.000000 3068.000000
-23.812682   8.858586 -3500.000000 3184.000000
-23.488005   9.151515 -3624.000000 3308.000000
-23.182870   9.444444 -3736.000000 3428.000000
-22.887141   9.737374 -3868.000000 3548.000000
-22.605478  10.030303 -3976.000000 3660.000000
-22.309133  10.323232 -4100.000000 3788.000000
-22.003998  10.616162 -4232.000000 3920.000000
-21.705009  10.909091 -4372.000000 4048.000000
-21.406102  11.202020 -4520.000000 4196.000000
-21.107194  11.494949 -4656.000000 4344.000000
-20.786501  11.787879 -4820.000000 4512.000000
-20.459992  12.080808 -5092.000000 4776.000000
-20.172806  12.373737 -5152.000000 4840.000000
-19.875887  12.666667 -5312.000000 5004.000000
-19.564260  12.959596 -5504.000000 5192.000000
-19.284699  13.252525 -5672.000000 5352.000000
-19.013468  13.545455 -5852.000000 5532.000000
-18.746924  13.838384 -6016.000000 5704.000000
-18.479105  14.131313 -6212.000000 5900.000000
-18.191919  14.424242 -6388.000000 6072.000000
-17.904734  14.717172 -6600.000000 6284.000000
-17.617548  15.010101 -6808.000000 6500.000000
-17.326970  15.303030 -7028.000000 6720.000000
-17.034040  15.595960 -7256.000000 6944.000000
-16.741111  15.888889 -7500.000000 7188.000000
-16.441116  16.181818 -7748.000000 7440.000000
-16.108242  16.474747 -8032.000000 7712.000000
-15.809926  16.767677 -8288.000000 7972.000000
-15.528263  17.060606 -8544.000000 8236.000000
-15.219643  17.353535 -8828.000000 8528.000000
-14.908016  17.646465 -9140.000000 8828.000000
-14.596389  17.939394 -9444.000000 9132.000000
-14.312664  18.232323 -9896.000000 9588.000000
-14.041433  18.525253 -10044.000000 9716.000000
-13.711416  18.818182 -10408.000000 10076.000000
-13.393162  19.111111 -10784.000000 10460.000000
-13.111500  19.404040 -11088.000000 10780.000000
-12.807642  19.696970 -11468.000000 11148.000000
-12.490295  19.989899 -11868.000000 11540.000000
-12.203110  20.282828 -12424.000000 12104.000000
-11.910669  20.575758 -12636.000000 12320.000000
-11.605535  20.868687 -13076.000000 12772.000000
-11.304473  21.161616 -13504.000000 13188.000000
-11.005566  21.454545 -13976.000000 13660.000000
-10.712525  21.747475 -14432.000000 14108.000000
-10.421173  22.040404 -14872.000000 14556.000000
-10.133987  22.333333 -15340.000000 15040.000000
 -9.846801  22.626263 -15828.000000 15520.000000
 -9.559616  22.919192 -16344.000000 16028.000000
 -9.253063  23.212121 -16908.000000 16592.000000
 -8.943826  23.505051 -17560.000000 17248.000000
 -8.644919  23.797980 -18112.000000 17804.000000
 -8.367624  24.090909 -18708.000000 18400.000000
 -8.110668  24.383838 -19204.000000 18896.000000
 -7.826284  24.676768 -19796.000000 19480.000000
 -7.521149  24.969697 -20448.000000 20120.000000
 -7.221810  25.262626 -21184.000000 20852.000000
 -6.919622  25.555556 -21852.000000 21532.000000
 -6.607995  25.848485 -22520.000000 22200.000000
 -6.296368  26.141414 -23284.000000 22968.000000
 -5.985938  26.434343 -24460.000000 24136.000000
 -5.698752  26.727273 -24700.000000 24372.000000
 -5.414904  27.020202 -25456.000000 25136.000000
 -5.138555  27.313131 -26152.000000 25832.000000
 -4.847854  27.606061 -26940.000000 26600.000000
 -4.542719  27.898990 -27752.000000 27444.000000
 -4.262340  28.191919 -28548.000000 28228.000000
 -3.985443  28.484848 -29276.000000 28932.000000
 -3.698257  28.777778 -30096.000000 29760.000000
 -3.412782  29.070707 -30956.000000 30588.000000
 -3.131119  29.363636 -31648.000000 31296.000000
 -2.840239  29.656566 -32456.000000 32124.000000
 -2.541332  29.949495 -32768.000000 32764.000000
 -2.257284  30.242424 -32768.000000 32764.000000
 -1.971829  30.535354 -32768.000000 32764.000000
 -1.646352  30.828283 -32768.000000 32764.000000
 -1.338788  31.121212 -32768.000000 32764.000000
 -1.045859  31.414141 -32768.000000 32764.000000
 -0.698694  31.707071 -32768.000000 32764.000000
 -0.375000  32.000000 -32768.000000 32764.000000
