-29.741379  -7.000000 -1740.000000 1440.000000
-29.491071  -6.710000 -1784.000000 1492.000000
-29.232143  -6.420000 -1844.000000 1552.000000
-28.974576  -6.130000 -1892.000000 1604.000000
-28.728814  -5.840000 -1948.000000 1652.000000
-28.481132  -5.550000 -2004.000000 1700.000000
-28.207547  -5.260000 -2072.000000 1764.000000
-27.930000  -4.970000 -2124.000000 1832.000000
-27.640000  -4.680000 -2192.000000 1892.000000
-27.361111  -4.390000 -2256.000000 1960.000000
-27.092593  -4.100000 -2324.000000 2024.000000
-26.810000  -3.810000 -2392.000000 2096.000000
-26.520000  -3.520000 -2480.000000 2172.000000
-26.212766  -3.230000 -2548.000000 2248.000000
-25.910000  -2.940000 -2640.000000 2336.000000
-25.620000  -2.650000 -2708.000000 2416.000000
-25.319149  -2.360000 -2812.000000 2508.000000
-25.010638  -2.070000 -2888.000000 2588.000000
-24.695652  -1.780000 -2984.000000 2680.000000
-24.380435  -1.490000 -3072.000000 2780.000000
-24.065217  -1.200000 -3180.000000 2888.000000
-23.783019  -0.910000 -3276.000000 2984.000000
-23.509434  -0.620000 -3372.000000 3072.000000
-23.188889  -0.330000 -3488.000000 3180.000000
-22.884615  -0.040000 -3604.000000 3300.000000
-22.605769   0.250000 -3708.000000 3404.000000
-22.300000   0.540000 -3836.000000 3532.000000
-21.978723   0.830000 -3964.000000 3668.000000
-21.670213   1.120000 -4180.000000 3888.000000
-21.370000   1.410000 -4224.000000 3924.000000
-21.080000   1.700000 -4352.000000 4052.000000
-20.785714   1.990000 -4492.000000 4192.000000
-20.489796   2.280000 -4640.000000 4344.000000
-20.193878   2.570000 -4800.000000 4492.000000
-19.907407   2.860000 -4940.000000 4640.000000
-19.638889   3.150000 -5100.000000 4792.000000
-19.354167   3.440000 -5256.000000 4952.000000
-19.052083   3.730000 -5420.000000 5132.000000
-18.789474   4.020000 -5584.000000 5284.000000
-18.535088   4.310000 -5752.000000 5452.000000
-18.228261   4.600000 -5936.000000 5644.000000
-17.914894   4.890000 -6144.000000 5844.000000
-17.606383   5.180000 -6360.000000 6068.000000
-17.317308   5.470000 -6568.000000 6268.000000
-17.038462   5.760000 -6768.000000 6472.000000
-16.744898   6.050000 -6988.000000 6688.000000
-16.451923   6.340000 -7212.000000 6908.000000
-16.173077   6.630000 -7428.000000 7144.000000
-15.887755   6.920000 -7660.000000 7368.000000
-15.591837   7.210000 -7952.000000 7644.000000
-15.282609   7.500000 -8184.000000 7880.000000
-14.970000   7.790000 -8468.000000 8152.000000
-14.680000   8.080000 -8736.000000 8428.000000
-14.385417   8.370000 -9008.000000 8708.000000
-14.083333   8.660000 -9308.000000 9008.000000
-13.776596   8.950000 -9632.000000 9324.000000
-13.469388   9.240000 -9964.000000 9664.000000
-13.173469   9.530000 -10276.000000 9976.000000
-12.884615   9.820000 -10604.000000 10292.000000
-12.605769  10.110000 -10920.000000 10632.000000
-12.304348  10.400000 -11292.000000 10988.000000
-11.990196  10.690000 -11672.000000 11368.000000
-11.705882  10.980000 -12036.000000 11732.000000
-11.416667  11.270000 -12420.000000 12132.000000
-11.114583  11.560000 -12832.000000 12532.000000
-10.812500  11.850000 -13256.000000 12952.000000
-10.510417  12.140000 -13696.000000 13396.000000
-10.214286  12.430000 -14156.000000 13864.000000
 -9.925926  12.720000 -14616.000000 14300.000000
 -9.657407  13.010000 -15052.000000 14744.000000
 -9.369565  13.300000 -15044.000000 14744.000000
 -9.054348  13.590000 -16464.000000 15784.000000
 -8.796610  13.880000 -16560.000000 16244.000000
 -8.550847  14.170000 -17008.000000 16716.000000
 -8.283019  14.460000 -17512.000000 17208.000000
 -8.009434  14.750000 -18036.000000 17744.000000
 -7.688889  15.040000 -18676.000000 18388.000000
 -7.382353  15.330000 -19312.000000 19008.000000
 -7.098039  15.620000 -19916.000000 19628.000000
 -6.806122  15.910000 -20536.000000 20240.000000
 -6.510204  16.200000 -21196.000000 20888.000000
 -6.202128  16.490000 -21900.000000 21588.000000
 -5.897959  16.780000 -22556.000000 22264.000000
 -5.602041  17.070000 -23292.000000 22992.000000
 -5.310000  17.360000 -24012.000000 23704.000000
 -5.020000  17.650000 -24728.000000 24452.000000
 -4.750000  17.940000 -25432.000000 25136.000000
 -4.480000  18.230000 -26120.000000 25820.000000
 -4.190000  18.520000 -26896.000000 26604.000000
 -3.901961  18.810000 -27640.000000 27332.000000
 -3.617647  19.100000 -28416.000000 28108.000000
 -3.342593  19.390000 -29156.000000 28840.000000
 -3.074074  19.680000 -29864.000000 29552.000000
 -2.766667  19.970000 -30720.000000 30404.000000
 -2.453704  20.260000 -31556.000000 31240.000000
 -2.185185  20.550000 -32272.000000 31944.000000
 -1.900000  20.840000 -32768.000000 32716.000000
 -1.577778  21.130000 -32768.000000 32764.000000
 -1.270833  21.420000 -32768.000000 32764.000000
 -0.971154  21.710000 -32768.000000 32764.000000
 -0.692308  22.000000 -32768.000000 32764.000000
