 -2.231481  20.500000 -32256.000000 31952.000000
 -2.222222  20.510000 -32276.000000 31964.000000
 -2.212963  20.520000 -32300.000000 31988.000000
 -2.203704  20.530000 -32312.000000 32008.000000
 -2.194444  20.540000 -32336.000000 32032.000000
 -2.185185  20.550000 -32368.000000 32048.000000
 -2.175926  20.560000 -32368.000000 32072.000000
 -2.166667  20.570000 -32420.000000 32112.000000
 -2.157407  20.580000 -32424.000000 32124.000000
 -2.148148  20.590000 -32440.000000 32132.000000
 -2.138889  20.600000 -32468.000000 32164.000000
 -2.129630  20.610000 -32484.000000 32172.000000
 -2.120370  20.620000 -32516.000000 32212.000000
 -2.111111  20.630000 -32536.000000 32224.000000
 -2.101852  20.640000 -32548.000000 32232.000000
 -2.092593  20.650000 -32580.000000 32276.000000
 -2.083333  20.660000 -32616.000000 32296.000000
 -2.074074  20.670000 -32644.000000 32328.000000
 -2.064815  20.680000 -32644.000000 32348.000000
 -2.055556  20.690000 -32660.000000 32356.000000
 -2.046296  20.700000 -32700.000000 32392.000000
 -2.037037  20.710000 -32728.000000 32404.000000
 -2.027778  20.720000 -32752.000000 32448.000000
 -2.018519  20.730000 -32756.000000 32448.000000
 -2.009259  20.740000 -32768.000000 32472.000000
 -2.000000  20.750000 -32768.000000 32508.000000
 -1.988889  20.760000 -32768.000000 32516.000000
 -1.977778  20.770000 -32768.000000 32556.000000
 -1.966667  20.780000 -32768.000000 32592.000000
 -1.955556  20.790000 -32768.000000 32596.000000
 -1.944444  20.800000 -32768.000000 32644.000000
 -1.933333  20.810000 -32768.000000 32672.000000
 -1.922222  20.820000 -32768.000000 32680.000000
 -1.911111  20.830000 -32768.000000 32724.000000
 -1.900000  20.840000 -32768.000000 32748.000000
 -1.888889  20.850000 -32768.000000 32764.000000
 -1.877778  20.860000 -32768.000000 32764.000000
 -1.866667  20.870000 -32768.000000 32764.000000
 -1.855556  20.880000 -32768.000000 32764.000000
 -1.844444  20.890000 -32768.000000 32764.000000
 -1.833333  20.900000 -32768.000000 32764.000000
 -1.822222  20.910000 -32768.000000 32764.000000
 -1.811111  20.920000 -32768.000000 32764.000000
 -1.800000  20.930000 -32768.000000 32764.000000
 -1.788889  20.940000 -32768.000000 32764.000000
 -1.777778  20.950000 -32768.000000 32764.000000
 -1.766667  20.960000 -32768.000000 32764.000000
 -1.755556  20.970000 -32768.000000 32764.000000
 -1.744444  20.980000 -32768.000000 32764.000000
 -1.733333  20.990000 -32768.000000 32764.000000
 -1.722222  21.000000 -32768.000000 32764.000000
 -1.711111  21.010000 -32768.000000 32764.000000
 -1.700000  21.020000 -32768.000000 32764.000000
 -1.688889  21.030000 -32768.000000 32764.000000
 -1.677778  21.040000 -32768.000000 32764.000000
 -1.666667  21.050000 -32768.000000 32764.000000
 -1.655556  21.060000 -32768.000000 32764.000000
 -1.644444  21.070000 -32768.000000 32764.000000
 -1.633333  21.080000 -32768.000000 32764.000000
 -1.622222  21.090000 -32768.000000 32764.000000
 -1.611111  21.100000 -32768.000000 32764.000000
 -1.600000  21.110000 -32768.000000 32764.000000
 -1.588889  21.120000 -32768.000000 32764.000000
 -1.577778  21.130000 -32768.000000 32764.000000
 -1.566667  21.140000 -32768.000000 32764.000000
 -1.555556  21.150000 -32768.000000 32764.000000
 -1.544444  21.160000 -32768.000000 32764.000000
 -1.533333  21.170000 -32768.000000 32764.000000
 -1.522222  21.180000 -32768.000000 32764.000000
 -1.511111  21.190000 -32768.000000 32764.000000
 -1.500000  21.200000 -32768.000000 32764.000000
 -1.489583  21.210000 -32768.000000 32764.000000
 -1.479167  21.220000 -32768.000000 32764.000000
 -1.468750  21.230000 -32768.000000 32764.000000
 -1.458333  21.240000 -32768.000000 32764.000000
 -1.447917  21.250000 -32768.000000 32764.000000
 -1.437500  21.260000 -32768.000000 32764.000000
 -1.427083  21.270000 -32768.000000 32764.000000
 -1.416667  21.280000 -32768.000000 32764.000000
 -1.406250  21.290000 -32768.000000 32764.000000
 -1.395833  21.300000 -32768.000000 32764.000000
 -1.385417  21.310000 -32768.000000 32764.000000
 -1.375000  21.320000 -32768.000000 32764.000000
 -1.364583  21.330000 -32768.000000 32764.000000
 -1.354167  21.340000 -32768.000000 32764.000000
 -1.343750  21.350000 -32768.000000 32764.000000
 -1.333333  21.360000 -32768.000000 32764.000000
 -1.322917  21.370000 -32768.000000 32764.000000
 -1.312500  21.380000 -32768.000000 32764.000000
 -1.302083  21.390000 -32768.000000 32764.000000
 -1.291667  21.400000 -32768.000000 32764.000000
 -1.281250  21.410000 -32768.000000 32764.000000
 -1.270833  21.420000 -32768.000000 32764.000000
 -1.260417  21.430000 -32768.000000 32764.000000
 -1.250000  21.440000 -32768.000000 32764.000000
 -1.239583  21.450000 -32768.000000 32764.000000
 -1.229167  21.460000 -32768.000000 32764.000000
 -1.218750  21.470000 -32768.000000 32764.000000
 -1.208333  21.480000 -32768.000000 32764.000000
 -1.197917  21.490000 -32768.000000 32764.000000
 -1.187500  21.500000 -32768.000000 32764.000000
