-29.741379  -7.000000 -1740.000000 1440.000000
-29.491071  -6.710000 -1784.000000 1488.000000
-29.232143  -6.420000 -1840.000000 1544.000000
-28.974576  -6.130000 -1836.000000 1544.000000
-28.728814  -5.840000 -1940.000000 1648.000000
-28.481132  -5.550000 -1996.000000 1704.000000
-28.207547  -5.260000 -2068.000000 1760.000000
-27.930000  -4.970000 -2120.000000 1824.000000
-27.640000  -4.680000 -2196.000000 1892.000000
-27.361111  -4.390000 -2256.000000 1956.000000
-27.092593  -4.100000 -2308.000000 2012.000000
-26.810000  -3.810000 -2388.000000 2092.000000
-26.520000  -3.520000 -2464.000000 2168.000000
-26.212766  -3.230000 -2536.000000 2248.000000
-25.910000  -2.940000 -2620.000000 2328.000000
-25.620000  -2.650000 -2696.000000 2412.000000
-25.319149  -2.360000 -2784.000000 2492.000000
-25.010638  -2.070000 -2928.000000 2632.000000
-24.695652  -1.780000 -2972.000000 2680.000000
-24.380435  -1.490000 -3068.000000 2776.000000
-24.065217  -1.200000 -3172.000000 2876.000000
-23.783019  -0.910000 -3276.000000 2972.000000
-23.509434  -0.620000 -3356.000000 3068.000000
-23.188889  -0.330000 -3472.000000 3192.000000
-22.884615  -0.040000 -3668.000000 3364.000000
-22.605769   0.250000 -3696.000000 3400.000000
-22.300000   0.540000 -3816.000000 3520.000000
-21.978723   0.830000 -3964.000000 3652.000000
-21.670213   1.120000 -4088.000000 3784.000000
-21.370000   1.410000 -4212.000000 3912.000000
-21.080000   1.700000 -4344.000000 4044.000000
-20.785714   1.990000 -4488.000000 4192.000000
-20.489796   2.280000 -4632.000000 4332.000000
-20.193878   2.570000 -4788.000000 4480.000000
-19.907407   2.860000 -5012.000000 4644.000000
-19.638889   3.150000 -5080.000000 4780.000000
-19.354167   3.440000 -5232.000000 4940.000000
-19.052083   3.730000 -5416.000000 5112.000000
-18.789474   4.020000 -5668.000000 5368.000000
-18.535088   4.310000 -5728.000000 5436.000000
-18.228261   4.600000 -5928.000000 5624.000000
-17.914894   4.890000 -6128.000000 5828.000000
-17.606383   5.180000 -6344.000000 6052.000000
-17.317308   5.470000 -6556.000000 6260.000000
-17.038462   5.760000 -6756.000000 6456.000000
-16.744898   6.050000 -6992.000000 6696.000000
-16.451923   6.340000 -7192.000000 6908.000000
-16.173077   6.630000 -7416.000000 7136.000000
-15.887755   6.920000 -7644.000000 7352.000000
-15.591837   7.210000 -7900.000000 7600.000000
-15.282609   7.500000 -8152.000000 7856.000000
-14.970000   7.790000 -8428.000000 8128.000000
-14.680000   8.080000 -8700.000000 8408.000000
-14.385417   8.370000 -8984.000000 8688.000000
-14.083333   8.660000 -9284.000000 8992.000000
-13.776596   8.950000 -9596.000000 9304.000000
-13.469388   9.240000 -9936.000000 9620.000000
-13.173469   9.530000 -10236.000000 9940.000000
-12.884615   9.820000 -10572.000000 10272.000000
-12.605769  10.110000 -10936.000000 10632.000000
-12.304348  10.400000 -11260.000000 10956.000000
-11.990196  10.690000 -11636.000000 11336.000000
-11.705882  10.980000 -12008.000000 11712.000000
-11.416667  11.270000 -12396.000000 12092.000000
-11.114583  11.560000 -12804.000000 12508.000000
-10.812500  11.850000 -13244.000000 12928.000000
-10.510417  12.140000 -13892.000000 13604.000000
-10.214286  12.430000 -14120.000000 13820.000000
 -9.925926  12.720000 -14576.000000 14280.000000
 -9.657407  13.010000 -15008.000000 14728.000000
 -9.369565  13.300000 -15496.000000 15220.000000
 -9.054348  13.590000 -16056.000000 15752.000000
 -8.796610  13.880000 -16512.000000 16212.000000
 -8.550847  14.170000 -16980.000000 16672.000000
 -8.283019  14.460000 -17476.000000 17188.000000
 -8.009434  14.750000 -18012.000000 17708.000000
 -7.688889  15.040000 -18644.000000 18344.000000
 -7.382353  15.330000 -19284.000000 18988.000000
 -7.098039  15.620000 -19868.000000 19584.000000
 -6.806122  15.910000 -20488.000000 20192.000000
 -6.510204  16.200000 -21488.000000 21204.000000
 -6.202128  16.490000 -21844.000000 21544.000000
 -5.897959  16.780000 -22524.000000 22216.000000
 -5.602041  17.070000 -23248.000000 22948.000000
 -5.310000  17.360000 -23968.000000 23688.000000
 -5.020000  17.650000 -24696.000000 24392.000000
 -4.750000  17.940000 -25392.000000 25092.000000
 -4.480000  18.230000 -26168.000000 25876.000000
 -4.190000  18.520000 -26860.000000 26564.000000
 -3.901961  18.810000 -27628.000000 27304.000000
 -3.617647  19.100000 -28376.000000 28088.000000
 -3.342593  19.390000 -29116.000000 28816.000000
 -3.074074  19.680000 -29848.000000 29532.000000
 -2.766667  19.970000 -30700.000000 30384.000000
 -2.453704  20.260000 -31536.000000 31224.000000
 -2.185185  20.550000 -32244.000000 31948.000000
 -1.900000  20.840000 -32768.000000 32688.000000
 -1.577778  21.130000 -32768.000000 32764.000000
 -1.270833  21.420000 -32768.000000 32764.000000
 -0.971154  21.710000 -32768.000000 32764.000000
 -0.692308  22.000000 -32768.000000 32764.000000
