-29.527778 -17.000000 -876.000000 1208.000000
-29.320755 -16.780000 -912.000000 1240.000000
-29.113208 -16.560000 -928.000000 1268.000000
-28.916667 -16.340000 -956.000000 1292.000000
-28.733333 -16.120000 -992.000000 1320.000000
-28.550000 -15.900000 -1004.000000 1336.000000
-28.351852 -15.680000 -1028.000000 1368.000000
-28.148148 -15.460000 -1060.000000 1396.000000
-27.941176 -15.240000 -1092.000000 1424.000000
-27.725490 -15.020000 -1128.000000 1456.000000
-27.509804 -14.800000 -1164.000000 1488.000000
-27.285714 -14.580000 -1192.000000 1524.000000
-27.061224 -14.360000 -1224.000000 1568.000000
-26.851852 -14.140000 -1256.000000 1592.000000
-26.648148 -13.920000 -1284.000000 1624.000000
-26.433333 -13.700000 -1320.000000 1656.000000
-26.188889 -13.480000 -1360.000000 1700.000000
-25.950000 -13.260000 -1412.000000 1736.000000
-25.730000 -13.040000 -1444.000000 1784.000000
-25.510000 -12.820000 -1480.000000 1812.000000
-25.298077 -12.600000 -1520.000000 1856.000000
-25.086538 -12.380000 -1560.000000 1896.000000
-24.848837 -12.160000 -1608.000000 1940.000000
-24.593023 -11.940000 -1664.000000 2000.000000
-24.365385 -11.720000 -1696.000000 2036.000000
-24.153846 -11.500000 -1740.000000 2080.000000
-23.936170 -11.280000 -1840.000000 2180.000000
-23.702128 -11.060000 -1836.000000 2172.000000
-23.468085 -10.840000 -1896.000000 2228.000000
-23.234043 -10.620000 -1948.000000 2280.000000
-23.000000 -10.400000 -2000.000000 2332.000000
-22.780000 -10.180000 -2048.000000 2388.000000
-22.560000  -9.960000 -2100.000000 2440.000000
-22.329787  -9.740000 -2204.000000 2540.000000
-22.095745  -9.520000 -2224.000000 2560.000000
-21.867347  -9.300000 -2280.000000 2616.000000
-21.642857  -9.080000 -2340.000000 2676.000000
-21.416667  -8.860000 -2400.000000 2740.000000
-21.187500  -8.640000 -2472.000000 2812.000000
-20.956522  -8.420000 -2536.000000 2872.000000
-20.717391  -8.200000 -2612.000000 2948.000000
-20.480392  -7.980000 -2684.000000 3020.000000
-20.264706  -7.760000 -2764.000000 3092.000000
-20.049020  -7.540000 -2824.000000 3160.000000
-19.836538  -7.320000 -2896.000000 3236.000000
-19.625000  -7.100000 -2972.000000 3312.000000
-19.411765  -6.880000 -3044.000000 3388.000000
-19.196078  -6.660000 -3124.000000 3460.000000
-18.981481  -6.440000 -3204.000000 3548.000000
-18.777778  -6.220000 -3288.000000 3624.000000
-18.574074  -6.000000 -3368.000000 3712.000000
-18.354167  -5.780000 -3460.000000 3800.000000
-18.125000  -5.560000 -3552.000000 3896.000000
-17.900000  -5.340000 -3648.000000 3988.000000
-17.680000  -5.120000 -3752.000000 4096.000000
-17.460000  -4.900000 -3844.000000 4184.000000
-17.240000  -4.680000 -3952.000000 4284.000000
-17.020000  -4.460000 -4048.000000 4384.000000
-16.807692  -4.240000 -4164.000000 4488.000000
-16.596154  -4.020000 -4256.000000 4604.000000
-16.382353  -3.800000 -4360.000000 4704.000000
-16.166667  -3.580000 -4476.000000 4812.000000
-15.945652  -3.360000 -4592.000000 4924.000000
-15.706522  -3.140000 -4716.000000 5056.000000
-15.467391  -2.920000 -4844.000000 5184.000000
-15.228261  -2.700000 -4980.000000 5312.000000
-14.990000  -2.480000 -5116.000000 5452.000000
-14.770000  -2.260000 -5252.000000 5584.000000
-14.550000  -2.040000 -5384.000000 5720.000000
-14.339623  -1.820000 -5516.000000 5848.000000
-14.132075  -1.600000 -5652.000000 5992.000000
-13.909091  -1.380000 -5800.000000 6132.000000
-13.659091  -1.160000 -5960.000000 6300.000000
-13.424528  -0.940000 -6124.000000 6456.000000
-13.216981  -0.720000 -6268.000000 6604.000000
-13.009434  -0.500000 -6432.000000 6768.000000
-12.781250  -0.280000 -6584.000000 6916.000000
-12.552083  -0.060000 -6764.000000 7088.000000
-12.322917   0.160000 -6936.000000 7272.000000
-12.093750   0.380000 -7128.000000 7464.000000
-11.852273   0.600000 -7324.000000 7652.000000
-11.602273   0.820000 -7524.000000 7860.000000
-11.377358   1.040000 -7728.000000 8056.000000
-11.169811   1.260000 -7900.000000 8232.000000
-10.960000   1.480000 -8096.000000 8428.000000
-10.740000   1.700000 -8296.000000 8632.000000
-10.520000   1.920000 -8516.000000 8856.000000
-10.287234   2.140000 -8740.000000 9076.000000
-10.053191   2.360000 -8972.000000 9308.000000
 -9.830000   2.580000 -9216.000000 9544.000000
 -9.610000   2.800000 -9448.000000 9776.000000
 -9.392157   3.020000 -9684.000000 10020.000000
 -9.176471   3.240000 -9936.000000 10268.000000
 -8.956522   3.460000 -10192.000000 10512.000000
 -8.717391   3.680000 -10464.000000 10796.000000
 -8.482759   3.900000 -10752.000000 11080.000000
 -8.293103   4.120000 -11012.000000 11344.000000
 -8.103448   4.340000 -11216.000000 11560.000000
 -7.900000   4.560000 -11480.000000 11812.000000
 -7.680000   4.780000 -11772.000000 12104.000000
 -7.455556   5.000000 -12088.000000 12424.000000
