-26.586400 -57.000000 -200.000000 524.000000
-26.116000 -56.580000 -212.000000 540.000000
-25.725806 -56.160000 -228.000000 556.000000
-25.332982 -55.740000 -244.000000 568.000000
-24.917600 -55.320000 -264.000000 588.000000
-24.447200 -54.900000 -280.000000 612.000000
-24.013571 -54.480000 -300.000000 636.000000
-23.593860 -54.060000 -320.000000 648.000000
-23.171600 -53.640000 -344.000000 672.000000
-22.701200 -53.220000 -372.000000 700.000000
-22.272679 -52.800000 -388.000000 720.000000
-21.845091 -52.380000 -412.000000 744.000000
-21.417455 -51.960000 -444.000000 776.000000
-20.989434 -51.540000 -472.000000 796.000000
-20.545660 -51.120000 -504.000000 832.000000
-20.125614 -50.700000 -536.000000 856.000000
-19.710000 -50.280000 -568.000000 892.000000
-19.290000 -49.860000 -600.000000 928.000000
-18.870000 -49.440000 -640.000000 964.000000
-18.438889 -49.020000 -672.000000 1000.000000
-18.003455 -48.600000 -712.000000 1040.000000
-17.573333 -48.180000 -756.000000 1084.000000
-17.181333 -47.760000 -800.000000 1132.000000
-16.735200 -47.340000 -844.000000 1180.000000
-16.304000 -46.920000 -896.000000 1220.000000
-15.910526 -46.500000 -940.000000 1268.000000
-15.497895 -46.080000 -988.000000 1320.000000
-15.080000 -45.660000 -1040.000000 1364.000000
-14.651509 -45.240000 -1100.000000 1424.000000
-14.209273 -44.820000 -1156.000000 1492.000000
-13.781636 -44.400000 -1224.000000 1556.000000
-13.365690 -43.980000 -1292.000000 1616.000000
-12.943704 -43.560000 -1360.000000 1688.000000
-12.510877 -43.140000 -1432.000000 1760.000000
-12.098246 -42.720000 -1512.000000 1836.000000
-11.655385 -42.300000 -1592.000000 1924.000000
-11.227586 -41.880000 -1680.000000 2004.000000
-10.817818 -41.460000 -1764.000000 2092.000000
-10.382545 -41.040000 -1860.000000 2188.000000
 -9.933077 -40.620000 -1968.000000 2296.000000
 -9.516667 -40.200000 -2068.000000 2396.000000
 -9.120000 -39.780000 -2172.000000 2496.000000
 -8.700000 -39.360000 -2288.000000 2616.000000
 -8.285965 -38.940000 -2408.000000 2732.000000
 -7.855385 -38.520000 -2540.000000 2856.000000
 -7.413103 -38.100000 -2672.000000 3000.000000
 -7.007586 -37.680000 -2804.000000 3136.000000
 -6.596140 -37.260000 -2948.000000 3268.000000
 -6.176429 -36.840000 -3096.000000 3420.000000
 -5.753051 -36.420000 -3252.000000 3584.000000
 -5.354407 -36.000000 -3412.000000 3740.000000
 -4.955763 -35.580000 -3584.000000 3912.000000
 -4.557000 -35.160000 -3764.000000 4100.000000
 -4.158000 -34.740000 -3960.000000 4288.000000
 -3.740000 -34.320000 -4168.000000 4488.000000
 -3.315636 -33.900000 -4392.000000 4712.000000
 -2.895593 -33.480000 -4612.000000 4944.000000
 -2.496949 -33.060000 -4844.000000 5168.000000
 -2.080000 -32.640000 -5100.000000 5416.000000
 -1.660000 -32.220000 -5352.000000 5672.000000
 -1.242414 -31.800000 -5616.000000 5948.000000
 -0.836897 -31.380000 -5888.000000 6216.000000
 -0.407778 -30.960000 -6188.000000 6512.000000
  0.027636 -30.540000 -6504.000000 6828.000000
  0.461455 -30.120000 -6840.000000 7156.000000
  0.889091 -29.700000 -7176.000000 7500.000000
  1.310000 -29.280000 -7528.000000 7852.000000
  1.722069 -28.860000 -7888.000000 8216.000000
  2.135385 -28.440000 -8268.000000 8596.000000
  2.587692 -28.020000 -8716.000000 9028.000000
  3.016964 -27.600000 -9136.000000 9460.000000
  3.454151 -27.180000 -9600.000000 9928.000000
  3.887544 -26.760000 -11360.000000 11936.000000
  4.300175 -26.340000 -10584.000000 10912.000000
  4.648696 -25.920000 -11028.000000 11352.000000
  5.027925 -25.500000 -11524.000000 11856.000000
  5.468475 -25.080000 -12136.000000 12460.000000
  5.867119 -24.660000 -12724.000000 13044.000000
  6.280000 -24.240000 -13352.000000 13676.000000
  6.692881 -23.820000 -14000.000000 14324.000000
  7.091525 -23.400000 -14656.000000 14980.000000
  7.490500 -22.980000 -15336.000000 15668.000000
  7.907778 -22.560000 -16088.000000 16404.000000
  8.345094 -22.140000 -16884.000000 17212.000000
  8.788868 -21.720000 -17740.000000 18064.000000
  9.232222 -21.300000 -18624.000000 18948.000000
  9.650345 -20.880000 -19484.000000 19804.000000
 10.069231 -20.460000 -20368.000000 20696.000000
 10.519649 -20.040000 -21360.000000 21688.000000
 10.932281 -19.620000 -22304.000000 22624.000000
 11.366415 -19.200000 -23320.000000 23640.000000
 11.813585 -18.780000 -24388.000000 24704.000000
 12.258772 -18.360000 -25492.000000 25808.000000
 12.671404 -17.940000 -26528.000000 26852.000000
 13.116154 -17.520000 -27720.000000 28048.000000
 13.538000 -17.100000 -28812.000000 29120.000000
 13.945882 -16.680000 -29956.000000 30252.000000
 14.407059 -16.260000 -31192.000000 31488.000000
 14.765970 -15.840000 -32176.000000 32480.000000
