 10.546667 -16.000000 -31840.000000 32152.000000
 10.565333 -15.980000 -31888.000000 32196.000000
 10.584000 -15.960000 -31932.000000 32240.000000
 10.602667 -15.940000 -31972.000000 32276.000000
 10.621333 -15.920000 -32020.000000 32336.000000
 10.640000 -15.900000 -32064.000000 32360.000000
 10.658667 -15.880000 -32116.000000 32416.000000
 10.677333 -15.860000 -32104.000000 32452.000000
 10.696000 -15.840000 -32204.000000 32508.000000
 10.714667 -15.820000 -32256.000000 32552.000000
 10.733333 -15.800000 -32304.000000 32600.000000
 10.752000 -15.780000 -32360.000000 32660.000000
 10.770667 -15.760000 -32384.000000 32684.000000
 10.789333 -15.740000 -32432.000000 32736.000000
 10.808000 -15.720000 -32432.000000 32764.000000
 10.826667 -15.700000 -32528.000000 32764.000000
 10.845333 -15.680000 -32580.000000 32764.000000
 10.864000 -15.660000 -32628.000000 32764.000000
 10.882667 -15.640000 -32688.000000 32764.000000
 10.901333 -15.620000 -32716.000000 32764.000000
 10.920000 -15.600000 -32768.000000 32764.000000
 10.938667 -15.580000 -32764.000000 32764.000000
 10.957333 -15.560000 -32768.000000 32764.000000
 10.976000 -15.540000 -32768.000000 32764.000000
 10.994667 -15.520000 -32768.000000 32764.000000
 11.013333 -15.500000 -32768.000000 32764.000000
 11.032000 -15.480000 -32768.000000 32764.000000
 11.050667 -15.460000 -32768.000000 32764.000000
 11.070769 -15.440000 -32768.000000 32764.000000
 11.092308 -15.420000 -32768.000000 32764.000000
 11.113846 -15.400000 -32768.000000 32764.000000
 11.135385 -15.380000 -32768.000000 32764.000000
 11.156923 -15.360000 -32768.000000 32764.000000
 11.178462 -15.340000 -32768.000000 32764.000000
 11.200000 -15.320000 -32768.000000 32764.000000
 11.221538 -15.300000 -32768.000000 32764.000000
 11.243077 -15.280000 -32768.000000 32764.000000
 11.264615 -15.260000 -32768.000000 32764.000000
 11.286154 -15.240000 -32768.000000 32764.000000
 11.307692 -15.220000 -32768.000000 32764.000000
 11.329231 -15.200000 -32768.000000 32764.000000
 11.350769 -15.180000 -32768.000000 32764.000000
 11.372308 -15.160000 -32768.000000 32764.000000
 11.393846 -15.140000 -32768.000000 32764.000000
 11.415385 -15.120000 -32768.000000 32764.000000
 11.436923 -15.100000 -32768.000000 32764.000000
 11.458462 -15.080000 -32768.000000 32764.000000
 11.480000 -15.060000 -32768.000000 32764.000000
 11.501538 -15.040000 -32768.000000 32764.000000
 11.523077 -15.020000 -32768.000000 32764.000000
 11.544615 -15.000000 -32768.000000 32764.000000
 11.566154 -14.980000 -32768.000000 32764.000000
 11.587692 -14.960000 -32768.000000 32764.000000
 11.609231 -14.940000 -32768.000000 32764.000000
 11.630755 -14.920000 -32768.000000 32764.000000
 11.652264 -14.900000 -32768.000000 32764.000000
 11.673774 -14.880000 -32768.000000 32764.000000
 11.695283 -14.860000 -32768.000000 32764.000000
 11.716792 -14.840000 -32768.000000 32764.000000
 11.738302 -14.820000 -32768.000000 32764.000000
 11.759811 -14.800000 -32768.000000 32764.000000
 11.781321 -14.780000 -32768.000000 32764.000000
 11.802830 -14.760000 -32768.000000 32764.000000
 11.824340 -14.740000 -32768.000000 32764.000000
 11.845849 -14.720000 -32768.000000 32764.000000
 11.867358 -14.700000 -32768.000000 32764.000000
 11.888868 -14.680000 -32768.000000 32764.000000
 11.910377 -14.660000 -32768.000000 32764.000000
 11.931887 -14.640000 -32768.000000 32764.000000
 11.953396 -14.620000 -32768.000000 32764.000000
 11.974906 -14.600000 -32768.000000 32764.000000
 11.996415 -14.580000 -32768.000000 32764.000000
 12.017925 -14.560000 -32768.000000 32764.000000
 12.039434 -14.540000 -32768.000000 32764.000000
 12.060943 -14.520000 -32768.000000 32764.000000
 12.082453 -14.500000 -32768.000000 32764.000000
 12.103962 -14.480000 -32768.000000 32764.000000
 12.125472 -14.460000 -32768.000000 32764.000000
 12.146981 -14.440000 -32768.000000 32764.000000
 12.168491 -14.420000 -32768.000000 32764.000000
 12.190000 -14.400000 -32768.000000 32764.000000
 12.208361 -14.380000 -32768.000000 32764.000000
 12.226721 -14.360000 -32768.000000 32764.000000
 12.245082 -14.340000 -32768.000000 32764.000000
 12.263443 -14.320000 -32768.000000 32764.000000
 12.281803 -14.300000 -32768.000000 32764.000000
 12.300164 -14.280000 -32768.000000 32764.000000
 12.318525 -14.260000 -32768.000000 32764.000000
 12.336885 -14.240000 -32768.000000 32764.000000
 12.355246 -14.220000 -32768.000000 32764.000000
 12.373607 -14.200000 -32768.000000 32764.000000
 12.391967 -14.180000 -32768.000000 32764.000000
 12.410328 -14.160000 -32768.000000 32764.000000
 12.428689 -14.140000 -32768.000000 32764.000000
 12.447049 -14.120000 -32768.000000 32764.000000
 12.465410 -14.100000 -32768.000000 32764.000000
 12.483770 -14.080000 -32768.000000 32764.000000
 12.502131 -14.060000 -32768.000000 32764.000000
 12.520492 -14.040000 -32768.000000 32764.000000
 12.538852 -14.020000 -32768.000000 32764.000000
 12.557213 -14.000000 -32768.000000 32764.000000
