-27.755319 -15.000000 -1116.000000 1456.000000
-27.443396 -14.700000 -1164.000000 1504.000000
-27.160377 -14.400000 -1204.000000 1544.000000
-26.870000 -14.100000 -1248.000000 1588.000000
-26.570000 -13.800000 -1300.000000 1640.000000
-26.255319 -13.500000 -1356.000000 1688.000000
-25.943396 -13.200000 -1412.000000 1744.000000
-25.660377 -12.900000 -1456.000000 1788.000000
-25.361702 -12.600000 -1508.000000 1848.000000
-25.042553 -12.300000 -1564.000000 1900.000000
-24.717391 -12.000000 -1632.000000 1968.000000
-24.400000 -11.700000 -1696.000000 2028.000000
-24.100000 -11.400000 -1760.000000 2088.000000
-23.795918 -11.100000 -1820.000000 2160.000000
-23.488889 -10.800000 -1884.000000 2220.000000
-23.155556 -10.500000 -1968.000000 2300.000000
-22.843137 -10.200000 -2036.000000 2372.000000
-22.549020  -9.900000 -2112.000000 2448.000000
-22.234043  -9.600000 -2184.000000 2524.000000
-21.921569  -9.300000 -2268.000000 2604.000000
-21.627451  -9.000000 -2344.000000 2688.000000
-21.315217  -8.700000 -2436.000000 2772.000000
-20.989796  -8.400000 -2544.000000 2872.000000
-20.683673  -8.100000 -2632.000000 2960.000000
-20.380000  -7.800000 -2716.000000 3060.000000
-20.080000  -7.500000 -2820.000000 3160.000000
-19.770833  -7.200000 -2928.000000 3264.000000
-19.459184  -6.900000 -3036.000000 3376.000000
-19.153061  -6.600000 -3144.000000 3488.000000
-18.877049  -6.300000 -3260.000000 3600.000000
-18.631148  -6.000000 -3356.000000 3684.000000
-18.354167  -5.700000 -3464.000000 3800.000000
-18.041667  -5.400000 -3592.000000 3932.000000
-17.754717  -5.100000 -3720.000000 4056.000000
-17.469388  -4.800000 -3852.000000 4184.000000
-17.163265  -4.500000 -3992.000000 4324.000000
-16.854167  -4.200000 -4136.000000 4468.000000
-16.541667  -3.900000 -4292.000000 4624.000000
-16.211111  -3.600000 -4452.000000 4796.000000
-15.892157  -3.300000 -4620.000000 4956.000000
-15.598039  -3.000000 -4784.000000 5116.000000
-15.282609  -2.700000 -4952.000000 5288.000000
-14.960784  -2.400000 -5140.000000 5480.000000
-14.666667  -2.100000 -5316.000000 5656.000000
-14.364583  -1.800000 -5500.000000 5848.000000
-14.052083  -1.500000 -5704.000000 6040.000000
-13.759615  -1.200000 -5896.000000 6228.000000
-13.468750  -0.900000 -6092.000000 6428.000000
-13.156250  -0.600000 -6320.000000 6652.000000
-12.840426  -0.300000 -6560.000000 6888.000000
-12.521277   0.000000 -6788.000000 7128.000000
-12.195652   0.300000 -7044.000000 7380.000000
-11.880000   0.600000 -7300.000000 7632.000000
-11.580000   0.900000 -7548.000000 7880.000000
-11.280000   1.200000 -7812.000000 8148.000000
-10.980000   1.500000 -8088.000000 8416.000000
-10.680000   1.800000 -8368.000000 8696.000000
-10.375000   2.100000 -8668.000000 9004.000000
-10.062500   2.400000 -8972.000000 9312.000000
 -9.760000   2.700000 -9292.000000 9624.000000
 -9.462264   3.000000 -9608.000000 9940.000000
 -9.179245   3.300000 -9932.000000 10256.000000
 -8.885417   3.600000 -10272.000000 10608.000000
 -8.572917   3.900000 -10640.000000 10988.000000
 -8.283019   4.200000 -11004.000000 11336.000000
 -8.000000   4.500000 -11368.000000 11700.000000
 -7.673913   4.800000 -11788.000000 12128.000000
 -7.360000   5.100000 -12228.000000 12560.000000
 -7.060000   5.400000 -12644.000000 12976.000000
 -6.769231   5.700000 -13076.000000 13392.000000
 -6.479592   6.000000 -13492.000000 13824.000000
 -6.173469   6.300000 -13952.000000 14284.000000
 -5.867347   6.600000 -14432.000000 14760.000000
 -5.561224   6.900000 -14944.000000 15276.000000
 -5.255102   7.200000 -15476.000000 15816.000000
 -4.950980   7.500000 -16024.000000 16348.000000
 -4.656863   7.800000 -16584.000000 16928.000000
 -4.372727   8.100000 -17120.000000 17460.000000
 -4.100000   8.400000 -17660.000000 17992.000000
 -3.797872   8.700000 -18280.000000 18616.000000
 -3.481132   9.000000 -18932.000000 19276.000000
 -3.198113   9.300000 -19556.000000 19896.000000
 -2.906250   9.600000 -20196.000000 20532.000000
 -2.593750   9.900000 -20904.000000 21240.000000
 -2.290000  10.200000 -21588.000000 21932.000000
 -1.990196  10.500000 -22280.000000 22608.000000
 -1.696078  10.800000 -22964.000000 23300.000000
 -1.388889  11.100000 -23688.000000 24024.000000
 -1.055556  11.400000 -24528.000000 24876.000000
 -0.728261  11.700000 -25280.000000 25612.000000
 -0.408163  12.000000 -26056.000000 26384.000000
 -0.102041  12.300000 -26804.000000 27128.000000
  0.256410  12.600000 -27652.000000 27984.000000
  0.614583  12.900000 -28480.000000 28796.000000
  0.927083  13.200000 -29232.000000 29544.000000
  1.287500  13.500000 -30056.000000 30368.000000
  1.632653  13.800000 -30836.000000 31148.000000
  1.938776  14.100000 -31500.000000 31808.000000
  2.324324  14.400000 -32292.000000 32596.000000
  2.757576  14.700000 -32768.000000 32764.000000
  3.218750  15.000000 -32768.000000 32764.000000
