-27.705882 -15.000000 -1124.000000 1468.000000
-27.408163 -14.700000 -1172.000000 1508.000000
-27.102041 -14.400000 -1216.000000 1548.000000
-26.814815 -14.100000 -1268.000000 1592.000000
-26.537037 -13.800000 -1308.000000 1640.000000
-26.211111 -13.500000 -1360.000000 1704.000000
-25.890000 -13.200000 -1412.000000 1752.000000
-25.590000 -12.900000 -1468.000000 1800.000000
-25.298077 -12.600000 -1520.000000 1856.000000
-25.009615 -12.300000 -1580.000000 1908.000000
-24.662791 -12.000000 -1640.000000 1972.000000
-24.346154 -11.700000 -1708.000000 2040.000000
-24.057692 -11.400000 -1764.000000 2092.000000
-23.744681 -11.100000 -1828.000000 2160.000000
-23.425532 -10.800000 -1904.000000 2240.000000
-23.106383 -10.500000 -1972.000000 2304.000000
-22.800000 -10.200000 -2048.000000 2376.000000
-22.500000  -9.900000 -2120.000000 2468.000000
-22.180851  -9.600000 -2204.000000 2536.000000
-21.867347  -9.300000 -2280.000000 2616.000000
-21.561224  -9.000000 -2364.000000 2700.000000
-21.250000  -8.700000 -2464.000000 2788.000000
-20.934783  -8.400000 -2544.000000 2888.000000
-20.608696  -8.100000 -2648.000000 2988.000000
-20.303922  -7.800000 -2744.000000 3080.000000
-20.009804  -7.500000 -2844.000000 3176.000000
-19.721154  -7.200000 -2944.000000 3276.000000
-19.431373  -6.900000 -3044.000000 3384.000000
-19.137255  -6.600000 -3156.000000 3484.000000
-18.851852  -6.300000 -3272.000000 3600.000000
-18.574074  -6.000000 -3368.000000 3704.000000
-18.270833  -5.700000 -3492.000000 3832.000000
-17.960000  -5.400000 -3624.000000 3964.000000
-17.660000  -5.100000 -3756.000000 4088.000000
-17.360000  -4.800000 -3892.000000 4220.000000
-17.060000  -4.500000 -4036.000000 4368.000000
-16.769231  -4.200000 -4176.000000 4508.000000
-16.480392  -3.900000 -4316.000000 4648.000000
-16.186275  -3.600000 -4472.000000 4796.000000
-15.880435  -3.300000 -4628.000000 4960.000000
-15.554348  -3.000000 -4804.000000 5136.000000
-15.228261  -2.700000 -4992.000000 5312.000000
-14.910000  -2.400000 -5188.000000 5504.000000
-14.610000  -2.100000 -5352.000000 5680.000000
-14.320755  -1.800000 -5536.000000 5856.000000
-14.037736  -1.500000 -5712.000000 6044.000000
-13.704545  -1.200000 -5940.000000 6268.000000
-13.386792  -0.900000 -6148.000000 6488.000000
-13.103774  -0.600000 -6352.000000 6688.000000
-12.802083  -0.300000 -6576.000000 6904.000000
-12.489583   0.000000 -6812.000000 7136.000000
-12.177083   0.300000 -7056.000000 7392.000000
-11.852273   0.600000 -7328.000000 7652.000000
-11.511364   0.900000 -7604.000000 7936.000000
-11.226415   1.200000 -7860.000000 8184.000000
-10.940000   1.500000 -8132.000000 8452.000000
-10.640000   1.800000 -8400.000000 8724.000000
-10.329787   2.100000 -8700.000000 9032.000000
-10.010638   2.400000 -9024.000000 9356.000000
 -9.710000   2.700000 -9340.000000 9668.000000
 -9.411765   3.000000 -9664.000000 9988.000000
 -9.117647   3.300000 -9984.000000 10316.000000
 -8.804348   3.600000 -10356.000000 10684.000000
 -8.482759   3.900000 -10744.000000 11076.000000
 -8.224138   4.200000 -11064.000000 11404.000000
 -7.960000   4.500000 -11408.000000 11736.000000
 -7.660000   4.800000 -11808.000000 12128.000000
 -7.344444   5.100000 -12232.000000 12552.000000
 -7.011111   5.400000 -12712.000000 13032.000000
 -6.710000   5.700000 -13128.000000 13460.000000
 -6.410000   6.000000 -13580.000000 13900.000000
 -6.110000   6.300000 -14044.000000 14372.000000
 -5.806122   6.600000 -14508.000000 14840.000000
 -5.500000   6.900000 -15024.000000 15356.000000
 -5.205882   7.200000 -15548.000000 15872.000000
 -4.918182   7.500000 -16064.000000 16396.000000
 -4.645455   7.800000 -16572.000000 16904.000000
 -4.347826   8.100000 -17160.000000 17480.000000
 -4.021739   8.400000 -17804.000000 18136.000000
 -3.725490   8.700000 -18420.000000 18744.000000
 -3.431373   9.000000 -19028.000000 19364.000000
 -3.137255   9.300000 -19684.000000 20012.000000
 -2.846154   9.600000 -20328.000000 20656.000000
 -2.557692   9.900000 -20968.000000 21292.000000
 -2.250000  10.200000 -21660.000000 21988.000000
 -1.933333  10.500000 -22408.000000 22732.000000
 -1.600000  10.800000 -23188.000000 23516.000000
 -1.290000  11.100000 -23932.000000 24260.000000
 -0.989583  11.400000 -24636.000000 24964.000000
 -0.677083  11.700000 -25400.000000 25720.000000
 -0.361702  12.000000 -26156.000000 26472.000000
 -0.042553  12.300000 -26916.000000 27248.000000
  0.302326  12.600000 -27752.000000 28072.000000
  0.641304  12.900000 -28544.000000 28852.000000
  0.967391  13.200000 -29324.000000 29628.000000
  1.346154  13.500000 -30184.000000 30496.000000
  1.676471  13.800000 -30924.000000 31236.000000
  1.970588  14.100000 -31560.000000 31864.000000
  2.346154  14.400000 -32332.000000 32624.000000
  2.821429  14.700000 -32768.000000 32764.000000
  3.294118  15.000000 -32768.000000 32764.000000
