-23.500000 -50.000000 -584.000000 924.000000
-23.131538 -49.640000 -616.000000 956.000000
-22.743846 -49.280000 -652.000000 984.000000
-22.368727 -48.920000 -684.000000 1016.000000
-21.995556 -48.560000 -720.000000 1052.000000
-21.622222 -48.200000 -756.000000 1088.000000
-21.265263 -47.840000 -788.000000 1120.000000
-20.904906 -47.480000 -824.000000 1160.000000
-20.524528 -47.120000 -868.000000 1204.000000
-20.160000 -46.760000 -912.000000 1244.000000
-19.809846 -46.400000 -952.000000 1284.000000
-19.494154 -46.040000 -996.000000 1320.000000
-19.157273 -45.680000 -1036.000000 1372.000000
-18.790727 -45.320000 -1088.000000 1416.000000
-18.430000 -44.960000 -1140.000000 1468.000000
-18.065636 -44.600000 -1192.000000 1528.000000
-17.692545 -44.240000 -1248.000000 1580.000000
-17.335088 -43.880000 -1312.000000 1636.000000
-16.981404 -43.520000 -1364.000000 1700.000000
-16.627719 -43.160000 -1440.000000 1764.000000
-16.256981 -42.800000 -1492.000000 1824.000000
-15.878909 -42.440000 -1568.000000 1892.000000
-15.512364 -42.080000 -1636.000000 1964.000000
-15.132642 -41.720000 -1708.000000 2044.000000
-14.752069 -41.360000 -1788.000000 2124.000000
-14.404483 -41.000000 -1864.000000 2200.000000
-14.038679 -40.640000 -1952.000000 2292.000000
-13.660000 -40.280000 -2044.000000 2372.000000
-13.300000 -39.920000 -2132.000000 2464.000000
-12.926154 -39.560000 -2232.000000 2564.000000
-12.540690 -39.200000 -2336.000000 2664.000000
-12.193103 -38.840000 -2432.000000 2764.000000
-11.824314 -38.480000 -2548.000000 2872.000000
-11.430508 -38.120000 -2664.000000 2996.000000
-11.088814 -37.760000 -2776.000000 3100.000000
-10.729434 -37.400000 -2896.000000 3232.000000
-10.342264 -37.040000 -3028.000000 3364.000000
 -9.985789 -36.680000 -3164.000000 3500.000000
 -9.641613 -36.320000 -3300.000000 3628.000000
 -9.316452 -35.960000 -3428.000000 3760.000000
 -8.953396 -35.600000 -3584.000000 3916.000000
 -8.571724 -35.240000 -3752.000000 4084.000000
 -8.224138 -34.880000 -3904.000000 4232.000000
 -7.873333 -34.520000 -4076.000000 4400.000000
 -7.519649 -34.160000 -4244.000000 4580.000000
 -7.153818 -33.800000 -4436.000000 4776.000000
 -6.795172 -33.440000 -4628.000000 4956.000000
 -6.447586 -33.080000 -4816.000000 5148.000000
 -6.062115 -32.720000 -5036.000000 5368.000000
 -5.682281 -32.360000 -5264.000000 5592.000000
 -5.328596 -32.000000 -5492.000000 5820.000000
 -4.988667 -31.640000 -5720.000000 6060.000000
 -4.652623 -31.280000 -5956.000000 6284.000000
 -4.316230 -30.920000 -6200.000000 6532.000000
 -3.967273 -30.560000 -6468.000000 6796.000000
 -3.600727 -30.200000 -6760.000000 7084.000000
 -3.251034 -29.840000 -7048.000000 7376.000000
 -2.900000 -29.480000 -7352.000000 7672.000000
 -2.540000 -29.120000 -7664.000000 7992.000000
 -2.188966 -28.760000 -7980.000000 8312.000000
 -1.840690 -28.400000 -8332.000000 8648.000000
 -1.486897 -28.040000 -8676.000000 9000.000000
 -1.126727 -27.680000 -9048.000000 9372.000000
 -0.760182 -27.320000 -9428.000000 9756.000000
 -0.393636 -26.960000 -9828.000000 10156.000000
 -0.011176 -26.600000 -10256.000000 10584.000000
  0.388116 -26.240000 -10724.000000 11056.000000
  0.680290 -25.880000 -11084.000000 11408.000000
  0.981481 -25.520000 -11472.000000 11796.000000
  1.354815 -25.160000 -11952.000000 12280.000000
  1.724000 -24.800000 -12464.000000 12788.000000
  2.092308 -24.440000 -12980.000000 13308.000000
  2.480000 -24.080000 -13564.000000 13892.000000
  2.862778 -23.720000 -14152.000000 14476.000000
  3.239123 -23.360000 -14760.000000 15084.000000
  3.592807 -23.000000 -15356.000000 15684.000000
  3.950000 -22.640000 -15980.000000 16316.000000
  4.310000 -22.280000 -16664.000000 16984.000000
  4.640968 -21.920000 -17300.000000 17632.000000
  4.983704 -21.560000 -18000.000000 18336.000000
  5.357037 -21.200000 -18796.000000 19120.000000
  5.715088 -20.840000 -19568.000000 19888.000000
  6.070000 -20.480000 -20380.000000 20700.000000
  6.430000 -20.120000 -21204.000000 21536.000000
  6.774667 -19.760000 -22040.000000 22364.000000
  7.110667 -19.400000 -22844.000000 23172.000000
  7.463966 -19.040000 -23712.000000 24044.000000
  7.824815 -18.680000 -24624.000000 24936.000000
  8.198148 -18.320000 -25564.000000 25892.000000
  8.571481 -17.960000 -26528.000000 26848.000000
  8.937759 -17.600000 -27476.000000 27796.000000
  9.291552 -17.240000 -28412.000000 28712.000000
  9.654909 -16.880000 -29376.000000 29672.000000
 10.021455 -16.520000 -30328.000000 30640.000000
 10.388000 -16.160000 -31328.000000 31632.000000
 10.733333 -15.800000 -32204.000000 32524.000000
 11.070769 -15.440000 -32768.000000 32764.000000
 11.458462 -15.080000 -32768.000000 32764.000000
 11.845849 -14.720000 -32768.000000 32764.000000
 12.226721 -14.360000 -32768.000000 32764.000000
 12.557213 -14.000000 -32768.000000 32764.000000
