 -2.458333  10.000000 -21304.000000 21628.000000
 -2.406250  10.050000 -21412.000000 21740.000000
 -2.354167  10.100000 -21540.000000 21856.000000
 -2.302083  10.150000 -21648.000000 21968.000000
 -2.250000  10.200000 -21756.000000 22096.000000
 -2.197917  10.250000 -21876.000000 22204.000000
 -2.145833  10.300000 -22012.000000 22336.000000
 -2.093750  10.350000 -22128.000000 22452.000000
 -2.041667  10.400000 -22232.000000 22556.000000
 -1.988889  10.450000 -22340.000000 22680.000000
 -1.933333  10.500000 -22484.000000 22816.000000
 -1.877778  10.550000 -22616.000000 22936.000000
 -1.822222  10.600000 -22732.000000 23056.000000
 -1.766667  10.650000 -22868.000000 23196.000000
 -1.711111  10.700000 -23000.000000 23336.000000
 -1.655556  10.750000 -23120.000000 23440.000000
 -1.600000  10.800000 -23268.000000 23592.000000
 -1.544444  10.850000 -23400.000000 23712.000000
 -1.490000  10.900000 -23524.000000 23860.000000
 -1.440000  10.950000 -23648.000000 23968.000000
 -1.390000  11.000000 -23748.000000 24080.000000
 -1.340000  11.050000 -23876.000000 24200.000000
 -1.290000  11.100000 -23980.000000 24304.000000
 -1.240000  11.150000 -24108.000000 24436.000000
 -1.190000  11.200000 -24216.000000 24540.000000
 -1.140000  11.250000 -24344.000000 24680.000000
 -1.090000  11.300000 -24464.000000 24784.000000
 -1.040000  11.350000 -24592.000000 24924.000000
 -0.989583  11.400000 -24704.000000 25024.000000
 -0.937500  11.450000 -24820.000000 25144.000000
 -0.885417  11.500000 -24956.000000 25276.000000
 -0.833333  11.550000 -25068.000000 25392.000000
 -0.781250  11.600000 -25196.000000 25516.000000
 -0.729167  11.650000 -25320.000000 25660.000000
 -0.677083  11.700000 -25428.000000 25756.000000
 -0.625000  11.750000 -25568.000000 25896.000000
 -0.572917  11.800000 -25692.000000 26016.000000
 -0.520833  11.850000 -25816.000000 26144.000000
 -0.468085  11.900000 -25944.000000 26264.000000
 -0.414894  11.950000 -26072.000000 26404.000000
 -0.361702  12.000000 -26184.000000 26516.000000
 -0.308511  12.050000 -26328.000000 26648.000000
 -0.255319  12.100000 -26452.000000 26776.000000
 -0.202128  12.150000 -26580.000000 26904.000000
 -0.148936  12.200000 -26700.000000 27028.000000
 -0.095745  12.250000 -26836.000000 27152.000000
 -0.042553  12.300000 -26964.000000 27296.000000
  0.011628  12.350000 -27092.000000 27408.000000
  0.069767  12.400000 -27232.000000 27560.000000
  0.127907  12.450000 -27364.000000 27684.000000
  0.186047  12.500000 -27492.000000 27824.000000
  0.244186  12.550000 -27636.000000 27968.000000
  0.302326  12.600000 -27788.000000 28100.000000
  0.360465  12.650000 -27916.000000 28228.000000
  0.418605  12.700000 -28068.000000 28380.000000
  0.476744  12.750000 -28204.000000 28516.000000
  0.532609  12.800000 -28332.000000 28656.000000
  0.586957  12.850000 -28448.000000 28764.000000
  0.641304  12.900000 -28588.000000 28888.000000
  0.695652  12.950000 -28724.000000 29036.000000
  0.750000  13.000000 -28856.000000 29160.000000
  0.804348  13.050000 -28968.000000 29284.000000
  0.858696  13.100000 -29088.000000 29400.000000
  0.913043  13.150000 -29212.000000 29524.000000
  0.967391  13.200000 -29340.000000 29648.000000
  1.025641  13.250000 -29476.000000 29796.000000
  1.089744  13.300000 -29632.000000 29940.000000
  1.153846  13.350000 -29768.000000 30092.000000
  1.217949  13.400000 -29916.000000 30224.000000
  1.282051  13.450000 -30072.000000 30376.000000
  1.346154  13.500000 -30208.000000 30512.000000
  1.410256  13.550000 -30356.000000 30672.000000
  1.474359  13.600000 -30512.000000 30820.000000
  1.529412  13.650000 -30620.000000 30932.000000
  1.578431  13.700000 -30724.000000 31032.000000
  1.627451  13.750000 -30840.000000 31148.000000
  1.676471  13.800000 -30952.000000 31252.000000
  1.725490  13.850000 -31096.000000 31412.000000
  1.774510  13.900000 -31172.000000 31488.000000
  1.823529  13.950000 -31268.000000 31576.000000
  1.872549  14.000000 -31368.000000 31676.000000
  1.921569  14.050000 -31492.000000 31796.000000
  1.970588  14.100000 -31580.000000 31884.000000
  2.025641  14.150000 -31700.000000 32000.000000
  2.089744  14.200000 -31832.000000 32152.000000
  2.153846  14.250000 -31968.000000 32276.000000
  2.217949  14.300000 -32096.000000 32396.000000
  2.282051  14.350000 -32232.000000 32536.000000
  2.346154  14.400000 -32348.000000 32656.000000
  2.410256  14.450000 -32472.000000 32764.000000
  2.474359  14.500000 -32608.000000 32764.000000
  2.553571  14.550000 -32752.000000 32764.000000
  2.642857  14.600000 -32768.000000 32764.000000
  2.732143  14.650000 -32768.000000 32764.000000
  2.821429  14.700000 -32768.000000 32764.000000
  2.910714  14.750000 -32768.000000 32764.000000
  3.000000  14.800000 -32768.000000 32764.000000
  3.073529  14.850000 -32768.000000 32764.000000
  3.147059  14.900000 -32768.000000 32764.000000
  3.220588  14.950000 -32768.000000 32764.000000
  3.294118  15.000000 -32768.000000 32764.000000
