-26.586400 -57.000000 -196.000000 524.000000
-26.228000 -56.680000 -212.000000 536.000000
-25.906452 -56.360000 -228.000000 544.000000
-25.617419 -56.040000 -232.000000 560.000000
-25.313333 -55.720000 -244.000000 568.000000
-24.998947 -55.400000 -260.000000 584.000000
-24.648800 -55.080000 -276.000000 596.000000
-24.298571 -54.760000 -292.000000 616.000000
-23.972857 -54.440000 -304.000000 628.000000
-23.652807 -54.120000 -328.000000 648.000000
-23.338421 -53.800000 -348.000000 664.000000
-22.992400 -53.480000 -356.000000 676.000000
-22.639107 -53.160000 -376.000000 700.000000
-22.313393 -52.840000 -396.000000 720.000000
-21.987636 -52.520000 -408.000000 740.000000
-21.661818 -52.200000 -432.000000 760.000000
-21.336000 -51.880000 -452.000000 776.000000
-21.010182 -51.560000 -472.000000 796.000000
-20.672453 -51.240000 -496.000000 816.000000
-20.341754 -50.920000 -520.000000 840.000000
-20.027368 -50.600000 -544.000000 864.000000
-19.710000 -50.280000 -568.000000 900.000000
-19.390000 -49.960000 -596.000000 924.000000
-19.070000 -49.640000 -616.000000 944.000000
-18.750000 -49.320000 -648.000000 972.000000
-18.418148 -49.000000 -676.000000 1008.000000
-18.086364 -48.680000 -704.000000 1032.000000
-17.754727 -48.360000 -740.000000 1060.000000
-17.442667 -48.040000 -768.000000 1100.000000
-17.144000 -47.720000 -804.000000 1124.000000
-16.802400 -47.400000 -836.000000 1164.000000
-16.453333 -47.080000 -880.000000 1200.000000
-16.154667 -46.760000 -908.000000 1240.000000
-15.851579 -46.440000 -944.000000 1272.000000
-15.537193 -46.120000 -984.000000 1312.000000
-15.220000 -45.800000 -1024.000000 1352.000000
-14.900000 -45.480000 -1068.000000 1392.000000
-14.566981 -45.160000 -1108.000000 1436.000000
-14.229636 -44.840000 -1164.000000 1488.000000
-13.903818 -44.520000 -1208.000000 1536.000000
-13.581897 -44.200000 -1264.000000 1592.000000
-13.267414 -43.880000 -1304.000000 1636.000000
-12.943704 -43.560000 -1364.000000 1684.000000
-12.611852 -43.240000 -1420.000000 1744.000000
-12.294737 -42.920000 -1476.000000 1800.000000
-11.978462 -42.600000 -1528.000000 1860.000000
-11.633846 -42.280000 -1600.000000 1920.000000
-11.304828 -41.960000 -1660.000000 1992.000000
-10.995862 -41.640000 -1732.000000 2052.000000
-10.672727 -41.320000 -1800.000000 2120.000000
-10.341091 -41.000000 -1876.000000 2208.000000
 -9.997692 -40.680000 -1948.000000 2280.000000
 -9.666000 -40.360000 -2036.000000 2356.000000
 -9.367333 -40.040000 -2108.000000 2432.000000
 -9.060000 -39.720000 -2192.000000 2512.000000
 -8.740000 -39.400000 -2276.000000 2600.000000
 -8.423509 -39.080000 -2364.000000 2692.000000
 -8.109123 -38.760000 -2456.000000 2780.000000
 -7.769231 -38.440000 -2564.000000 2888.000000
 -7.432414 -38.120000 -2668.000000 2992.000000
 -7.123448 -37.800000 -2768.000000 3096.000000
 -6.812281 -37.480000 -2876.000000 3200.000000
 -6.497895 -37.160000 -2984.000000 3308.000000
 -6.176429 -36.840000 -3096.000000 3428.000000
 -5.850714 -36.520000 -3220.000000 3544.000000
 -5.544237 -36.200000 -3344.000000 3668.000000
 -5.240508 -35.880000 -3464.000000 3796.000000
 -4.936780 -35.560000 -3596.000000 3928.000000
 -4.633000 -35.240000 -3736.000000 4064.000000
 -4.329000 -34.920000 -3876.000000 4200.000000
 -4.020000 -34.600000 -4028.000000 4352.000000
 -3.700000 -34.280000 -4188.000000 4512.000000
 -3.376727 -33.960000 -4360.000000 4676.000000
 -3.050909 -33.640000 -4532.000000 4856.000000
 -2.743729 -33.320000 -4704.000000 5028.000000
 -2.440000 -33.000000 -4880.000000 5204.000000
 -2.120000 -32.680000 -5068.000000 5396.000000
 -1.800000 -32.360000 -5264.000000 5592.000000
 -1.480000 -32.040000 -5472.000000 5792.000000
 -1.165172 -31.720000 -5672.000000 6000.000000
 -0.856207 -31.400000 -5872.000000 6200.000000
 -0.532222 -31.080000 -6100.000000 6428.000000
 -0.200370 -30.760000 -6340.000000 6672.000000
  0.131273 -30.440000 -6588.000000 6912.000000
  0.461455 -30.120000 -6836.000000 7164.000000
  0.787273 -29.800000 -7096.000000 7420.000000
  1.110000 -29.480000 -7360.000000 7692.000000
  1.430000 -29.160000 -7636.000000 7964.000000
  1.741379 -28.840000 -7908.000000 8232.000000
  2.050345 -28.520000 -8196.000000 8520.000000
  2.393846 -28.200000 -8524.000000 8848.000000
  2.731964 -27.880000 -8848.000000 9172.000000
  3.057679 -27.560000 -9216.000000 9504.000000
  3.390755 -27.240000 -9532.000000 9860.000000
  3.728868 -26.920000 -9916.000000 10240.000000
  4.044737 -26.600000 -10280.000000 10608.000000
  4.351304 -26.280000 -10660.000000 10980.000000
  4.615652 -25.960000 -10992.000000 11312.000000
  4.880000 -25.640000 -11344.000000 11668.000000
  5.218113 -25.320000 -11784.000000 12116.000000
  5.544407 -25.000000 -12252.000000 12568.000000
