-23.500000 -50.000000 -4592.000000 4912.000000
-23.131538 -49.640000 -4788.000000 5092.000000
-22.743846 -49.280000 -4996.000000 5312.000000
-22.368727 -48.920000 -5212.000000 5536.000000
-21.995556 -48.560000 -5432.000000 5752.000000
-21.622222 -48.200000 -5664.000000 5976.000000
-21.265263 -47.840000 -5892.000000 6216.000000
-20.904906 -47.480000 -6136.000000 6460.000000
-20.524528 -47.120000 -6412.000000 6732.000000
-20.160000 -46.760000 -6680.000000 6996.000000
-19.809846 -46.400000 -6964.000000 7272.000000
-19.494154 -46.040000 -7200.000000 7528.000000
-19.157273 -45.680000 -7496.000000 7808.000000
-18.790727 -45.320000 -7816.000000 8136.000000
-18.430000 -44.960000 -8144.000000 8460.000000
-18.065636 -44.600000 -8496.000000 8816.000000
-17.692545 -44.240000 -8868.000000 9172.000000
-17.335088 -43.880000 -9236.000000 9552.000000
-16.981404 -43.520000 -9604.000000 9924.000000
-16.627719 -43.160000 -10016.000000 10312.000000
-16.256981 -42.800000 -10416.000000 10732.000000
-15.878909 -42.440000 -10868.000000 11172.000000
-15.512364 -42.080000 -11308.000000 11628.000000
-15.132642 -41.720000 -11792.000000 12100.000000
-14.752069 -41.360000 -12308.000000 12616.000000
-14.404483 -41.000000 -12776.000000 13092.000000
-14.038679 -40.640000 -13316.000000 13628.000000
-13.660000 -40.280000 -13880.000000 14200.000000
-13.300000 -39.920000 -14448.000000 14772.000000
-12.926154 -39.560000 -15040.000000 15364.000000
-12.540690 -39.200000 -15708.000000 16024.000000
-12.193103 -38.840000 -16312.000000 16640.000000
-11.824314 -38.480000 -16992.000000 17312.000000
-11.430508 -38.120000 -17748.000000 18056.000000
-11.088814 -37.760000 -18412.000000 18728.000000
-10.729434 -37.400000 -19172.000000 19468.000000
-10.342264 -37.040000 -19976.000000 20296.000000
 -9.985789 -36.680000 -20784.000000 21088.000000
 -9.641613 -36.320000 -21584.000000 21908.000000
 -9.316452 -35.960000 -22348.000000 22656.000000
 -8.953396 -35.600000 -23232.000000 23544.000000
 -8.571724 -35.240000 -24176.000000 24492.000000
 -8.224138 -34.880000 -25040.000000 25352.000000
 -7.873333 -34.520000 -25944.000000 26244.000000
 -7.519649 -34.160000 -26872.000000 27176.000000
 -7.153818 -33.800000 -27828.000000 28136.000000
 -6.795172 -33.440000 -28792.000000 29096.000000
 -6.447586 -33.080000 -29716.000000 30008.000000
 -6.062115 -32.720000 -30824.000000 31092.000000
 -5.682281 -32.360000 -31796.000000 32072.000000
 -5.328596 -32.000000 -32768.000000 32764.000000
 -4.988667 -31.640000 -32768.000000 32764.000000
 -4.652623 -31.280000 -32768.000000 32764.000000
 -4.316230 -30.920000 -32768.000000 32764.000000
 -3.967273 -30.560000 -32768.000000 32764.000000
 -3.600727 -30.200000 -32768.000000 32764.000000
 -3.251034 -29.840000 -32768.000000 32764.000000
 -2.900000 -29.480000 -32768.000000 32764.000000
 -2.540000 -29.120000 -32768.000000 32764.000000
 -2.188966 -28.760000 -32768.000000 32764.000000
 -1.840690 -28.400000 -32768.000000 32764.000000
 -1.486897 -28.040000 -32768.000000 32764.000000
 -1.126727 -27.680000 -32768.000000 32764.000000
 -0.760182 -27.320000 -32768.000000 32764.000000
 -0.393636 -26.960000 -32768.000000 32764.000000
 -0.011176 -26.600000 -32768.000000 32764.000000
  0.388116 -26.240000 -32768.000000 32764.000000
  0.680290 -25.880000 -32768.000000 32764.000000
  0.981481 -25.520000 -32768.000000 32764.000000
  1.354815 -25.160000 -32768.000000 32764.000000
  1.724000 -24.800000 -32768.000000 32764.000000
  2.092308 -24.440000 -32768.000000 32764.000000
  2.480000 -24.080000 -32768.000000 32764.000000
  2.862778 -23.720000 -32768.000000 32764.000000
  3.239123 -23.360000 -32768.000000 32764.000000
  3.592807 -23.000000 -32768.000000 32764.000000
  3.950000 -22.640000 -32768.000000 32764.000000
  4.310000 -22.280000 -32768.000000 32764.000000
  4.640968 -21.920000 -32768.000000 32764.000000
  4.983704 -21.560000 -32768.000000 32764.000000
  5.357037 -21.200000 -32768.000000 32764.000000
  5.715088 -20.840000 -32768.000000 32764.000000
  6.070000 -20.480000 -32768.000000 32764.000000
  6.430000 -20.120000 -32768.000000 32764.000000
  6.774667 -19.760000 -32768.000000 32764.000000
  7.110667 -19.400000 -32768.000000 32764.000000
  7.463966 -19.040000 -32768.000000 32764.000000
  7.824815 -18.680000 -32768.000000 32764.000000
  8.198148 -18.320000 -32768.000000 32764.000000
  8.571481 -17.960000 -32768.000000 32764.000000
  8.937759 -17.600000 -32768.000000 32764.000000
  9.291552 -17.240000 -32768.000000 32764.000000
  9.654909 -16.880000 -32768.000000 32764.000000
 10.021455 -16.520000 -32768.000000 32764.000000
 10.388000 -16.160000 -32768.000000 32764.000000
 10.733333 -15.800000 -32768.000000 32764.000000
 11.070769 -15.440000 -32768.000000 32764.000000
 11.458462 -15.080000 -32768.000000 32764.000000
 11.845849 -14.720000 -32768.000000 32764.000000
 12.226721 -14.360000 -32768.000000 32764.000000
 12.557213 -14.000000 -32768.000000 32764.000000
