-27.755319 -15.000000 -1120.000000 1460.000000
-27.443396 -14.700000 -1164.000000 1504.000000
-27.160377 -14.400000 -1208.000000 1544.000000
-26.870000 -14.100000 -1264.000000 1592.000000
-26.570000 -13.800000 -1300.000000 1640.000000
-26.255319 -13.500000 -1352.000000 1688.000000
-25.943396 -13.200000 -1412.000000 1744.000000
-25.660377 -12.900000 -1460.000000 1788.000000
-25.361702 -12.600000 -1512.000000 1848.000000
-25.042553 -12.300000 -1568.000000 1900.000000
-24.717391 -12.000000 -1632.000000 1968.000000
-24.400000 -11.700000 -1700.000000 2032.000000
-24.100000 -11.400000 -1756.000000 2092.000000
-23.795918 -11.100000 -1820.000000 2156.000000
-23.488889 -10.800000 -1884.000000 2220.000000
-23.155556 -10.500000 -1968.000000 2300.000000
-22.843137 -10.200000 -2036.000000 2372.000000
-22.549020  -9.900000 -2108.000000 2456.000000
-22.234043  -9.600000 -2184.000000 2528.000000
-21.921569  -9.300000 -2272.000000 2612.000000
-21.627451  -9.000000 -2348.000000 2688.000000
-21.315217  -8.700000 -2440.000000 2776.000000
-20.989796  -8.400000 -2536.000000 2864.000000
-20.683673  -8.100000 -2636.000000 2964.000000
-20.380000  -7.800000 -2720.000000 3068.000000
-20.080000  -7.500000 -2820.000000 3160.000000
-19.770833  -7.200000 -2936.000000 3268.000000
-19.459184  -6.900000 -3040.000000 3372.000000
-19.153061  -6.600000 -3156.000000 3488.000000
-18.877049  -6.300000 -3264.000000 3600.000000
-18.631148  -6.000000 -3352.000000 3688.000000
-18.354167  -5.700000 -3464.000000 3804.000000
-18.041667  -5.400000 -3600.000000 3932.000000
-17.754717  -5.100000 -3720.000000 4056.000000
-17.469388  -4.800000 -3852.000000 4188.000000
-17.163265  -4.500000 -4000.000000 4336.000000
-16.854167  -4.200000 -4140.000000 4476.000000
-16.541667  -3.900000 -4292.000000 4628.000000
-16.211111  -3.600000 -4460.000000 4792.000000
-15.892157  -3.300000 -4624.000000 4960.000000
-15.598039  -3.000000 -4804.000000 5112.000000
-15.282609  -2.700000 -4960.000000 5296.000000
-14.960784  -2.400000 -5144.000000 5476.000000
-14.666667  -2.100000 -5320.000000 5656.000000
-14.364583  -1.800000 -5504.000000 5840.000000
-14.052083  -1.500000 -5704.000000 6040.000000
-13.759615  -1.200000 -5900.000000 6244.000000
-13.468750  -0.900000 -6136.000000 6428.000000
-13.156250  -0.600000 -6320.000000 6652.000000
-12.840426  -0.300000 -6548.000000 6884.000000
-12.521277   0.000000 -6784.000000 7116.000000
-12.195652   0.300000 -7044.000000 7380.000000
-11.880000   0.600000 -7300.000000 7632.000000
-11.580000   0.900000 -7552.000000 7880.000000
-11.280000   1.200000 -7820.000000 8144.000000
-10.980000   1.500000 -8104.000000 8424.000000
-10.680000   1.800000 -8372.000000 8700.000000
-10.375000   2.100000 -8672.000000 9008.000000
-10.062500   2.400000 -8980.000000 9320.000000
 -9.760000   2.700000 -9296.000000 9624.000000
 -9.462264   3.000000 -9616.000000 9948.000000
 -9.179245   3.300000 -9936.000000 10272.000000
 -8.885417   3.600000 -10284.000000 10604.000000
 -8.572917   3.900000 -10644.000000 10976.000000
 -8.283019   4.200000 -11016.000000 11340.000000
 -8.000000   4.500000 -11376.000000 11708.000000
 -7.673913   4.800000 -11796.000000 12120.000000
 -7.360000   5.100000 -12224.000000 12564.000000
 -7.060000   5.400000 -12972.000000 13284.000000
 -6.769231   5.700000 -13072.000000 13404.000000
 -6.479592   6.000000 -13496.000000 13824.000000
 -6.173469   6.300000 -13952.000000 14280.000000
 -5.867347   6.600000 -14432.000000 14772.000000
 -5.561224   6.900000 -14948.000000 15284.000000
 -5.255102   7.200000 -15480.000000 15820.000000
 -4.950980   7.500000 -16032.000000 16364.000000
 -4.656863   7.800000 -16584.000000 16920.000000
 -4.372727   8.100000 -17128.000000 17448.000000
 -4.100000   8.400000 -17660.000000 17988.000000
 -3.797872   8.700000 -18292.000000 18624.000000
 -3.481132   9.000000 -18940.000000 19272.000000
 -3.198113   9.300000 -19568.000000 19892.000000
 -2.906250   9.600000 -20200.000000 20536.000000
 -2.593750   9.900000 -20916.000000 21248.000000
 -2.290000  10.200000 -21600.000000 21932.000000
 -1.990196  10.500000 -22296.000000 22632.000000
 -1.696078  10.800000 -22976.000000 23312.000000
 -1.388889  11.100000 -23712.000000 24032.000000
 -1.055556  11.400000 -24516.000000 24844.000000
 -0.728261  11.700000 -25788.000000 26112.000000
 -0.408163  12.000000 -26068.000000 26388.000000
 -0.102041  12.300000 -26792.000000 27116.000000
  0.256410  12.600000 -27656.000000 27980.000000
  0.614583  12.900000 -28504.000000 28816.000000
  0.927083  13.200000 -29240.000000 29556.000000
  1.287500  13.500000 -30060.000000 30372.000000
  1.632653  13.800000 -30836.000000 31144.000000
  1.938776  14.100000 -31516.000000 31820.000000
  2.324324  14.400000 -32308.000000 32604.000000
  2.757576  14.700000 -32768.000000 32764.000000
  3.218750  15.000000 -32768.000000 32764.000000
