-26.586400 -57.000000 -196.000000 524.000000
-26.138400 -56.600000 -212.000000 544.000000
-25.761935 -56.200000 -224.000000 552.000000
-25.391930 -55.800000 -240.000000 568.000000
-24.998947 -55.400000 -256.000000 588.000000
-24.559200 -55.000000 -280.000000 604.000000
-24.135714 -54.600000 -296.000000 620.000000
-23.731404 -54.200000 -320.000000 644.000000
-23.338421 -53.800000 -340.000000 660.000000
-22.902800 -53.400000 -360.000000 684.000000
-22.476250 -53.000000 -380.000000 712.000000
-22.069091 -52.600000 -404.000000 732.000000
-21.661818 -52.200000 -428.000000 756.000000
-21.254545 -51.800000 -460.000000 784.000000
-20.841509 -51.400000 -492.000000 812.000000
-20.420351 -51.000000 -516.000000 844.000000
-20.027368 -50.600000 -540.000000 868.000000
-19.630000 -50.200000 -580.000000 896.000000
-19.230000 -49.800000 -604.000000 932.000000
-18.830000 -49.400000 -640.000000 968.000000
-18.418148 -49.000000 -680.000000 1000.000000
-18.003455 -48.600000 -716.000000 1044.000000
-17.592000 -48.200000 -756.000000 1084.000000
-17.218667 -47.800000 -792.000000 1120.000000
-16.802400 -47.400000 -840.000000 1164.000000
-16.378667 -47.000000 -888.000000 1212.000000
-16.005333 -46.600000 -936.000000 1256.000000
-15.615789 -46.200000 -972.000000 1304.000000
-15.220000 -45.800000 -1028.000000 1352.000000
-14.820000 -45.400000 -1072.000000 1404.000000
-14.397925 -45.000000 -1140.000000 1468.000000
-13.985273 -44.600000 -1196.000000 1532.000000
-13.581897 -44.200000 -1256.000000 1584.000000
-13.188793 -43.800000 -1320.000000 1652.000000
-12.777778 -43.400000 -1388.000000 1716.000000
-12.373333 -43.000000 -1460.000000 1788.000000
-11.978462 -42.600000 -1536.000000 1864.000000
-11.547692 -42.200000 -1624.000000 1948.000000
-11.150345 -41.800000 -1700.000000 2024.000000
-10.755636 -41.400000 -1780.000000 2104.000000
-10.341091 -41.000000 -1876.000000 2196.000000
 -9.911538 -40.600000 -1972.000000 2296.000000
 -9.516667 -40.200000 -2068.000000 2396.000000
 -9.140000 -39.800000 -2160.000000 2500.000000
 -8.740000 -39.400000 -2276.000000 2604.000000
 -8.344912 -39.000000 -2388.000000 2712.000000
 -7.941538 -38.600000 -2504.000000 2840.000000
 -7.510769 -38.200000 -2644.000000 2968.000000
 -7.123448 -37.800000 -2768.000000 3092.000000
 -6.733684 -37.400000 -2904.000000 3224.000000
 -6.339286 -37.000000 -3036.000000 3364.000000
 -5.932143 -36.600000 -3188.000000 3516.000000
 -5.544237 -36.200000 -3340.000000 3668.000000
 -5.164576 -35.800000 -3500.000000 3832.000000
 -4.784915 -35.400000 -3664.000000 3988.000000
 -4.405000 -35.000000 -3840.000000 4164.000000
 -4.020000 -34.600000 -4028.000000 4348.000000
 -3.620000 -34.200000 -4268.000000 4592.000000
 -3.213818 -33.800000 -4448.000000 4768.000000
 -2.819661 -33.400000 -4664.000000 4988.000000
 -2.440000 -33.000000 -4880.000000 5208.000000
 -2.040000 -32.600000 -5116.000000 5440.000000
 -1.640000 -32.200000 -5368.000000 5688.000000
 -1.242414 -31.800000 -5624.000000 5948.000000
 -0.856207 -31.400000 -5876.000000 6204.000000
 -0.449259 -31.000000 -6172.000000 6492.000000
 -0.034545 -30.600000 -6472.000000 6796.000000
  0.380000 -30.200000 -6780.000000 7100.000000
  0.787273 -29.800000 -7100.000000 7420.000000
  1.190000 -29.400000 -7436.000000 7756.000000
  1.586897 -29.000000 -7772.000000 8096.000000
  1.973103 -28.600000 -8124.000000 8448.000000
  2.393846 -28.200000 -8532.000000 8844.000000
  2.813393 -27.800000 -8944.000000 9268.000000
  3.221698 -27.400000 -9364.000000 9688.000000
  3.644340 -27.000000 -9820.000000 10140.000000
  4.044737 -26.600000 -10284.000000 10604.000000
  4.417391 -26.200000 -10744.000000 11064.000000
  4.747826 -25.800000 -11264.000000 11584.000000
  5.133585 -25.400000 -11672.000000 12000.000000
  5.544407 -25.000000 -12256.000000 12572.000000
  5.924068 -24.600000 -12808.000000 13136.000000
  6.320000 -24.200000 -13420.000000 13732.000000
  6.711864 -23.800000 -14040.000000 14360.000000
  7.091525 -23.400000 -14664.000000 14992.000000
  7.471500 -23.000000 -15312.000000 15640.000000
  7.866296 -22.600000 -16016.000000 16332.000000
  8.281698 -22.200000 -16772.000000 17092.000000
  8.704340 -21.800000 -17580.000000 17900.000000
  9.126667 -21.400000 -18432.000000 18760.000000
  9.534483 -21.000000 -19248.000000 19576.000000
  9.920690 -20.600000 -20056.000000 20384.000000
 10.349231 -20.200000 -21008.000000 21332.000000
 10.755439 -19.800000 -21912.000000 22232.000000
 11.155094 -19.400000 -22832.000000 23148.000000
 11.577736 -19.000000 -23828.000000 24156.000000
 12.007170 -18.600000 -24892.000000 25204.000000
 12.415965 -18.200000 -25896.000000 26212.000000
 12.814615 -17.800000 -26908.000000 27232.000000
 13.245385 -17.400000 -28040.000000 28348.000000
 13.633000 -17.000000 -29092.000000 29404.000000
