 11.544615 -15.000000 -32768.000000 32764.000000
 11.555385 -14.990000 -32768.000000 32764.000000
 11.566154 -14.980000 -32768.000000 32764.000000
 11.576923 -14.970000 -32768.000000 32764.000000
 11.587692 -14.960000 -32768.000000 32764.000000
 11.598462 -14.950000 -32768.000000 32764.000000
 11.609231 -14.940000 -32768.000000 32764.000000
 11.620000 -14.930000 -32768.000000 32764.000000
 11.630755 -14.920000 -32768.000000 32764.000000
 11.641509 -14.910000 -32768.000000 32764.000000
 11.652264 -14.900000 -32768.000000 32764.000000
 11.663019 -14.890000 -32768.000000 32764.000000
 11.673774 -14.880000 -32768.000000 32764.000000
 11.684528 -14.870000 -32768.000000 32764.000000
 11.695283 -14.860000 -32768.000000 32764.000000
 11.706038 -14.850000 -32768.000000 32764.000000
 11.716792 -14.840000 -32768.000000 32764.000000
 11.727547 -14.830000 -32768.000000 32764.000000
 11.738302 -14.820000 -32768.000000 32764.000000
 11.749057 -14.810000 -32768.000000 32764.000000
 11.759811 -14.800000 -32768.000000 32764.000000
 11.770566 -14.790000 -32768.000000 32764.000000
 11.781321 -14.780000 -32768.000000 32764.000000
 11.792075 -14.770000 -32768.000000 32764.000000
 11.802830 -14.760000 -32768.000000 32764.000000
 11.813585 -14.750000 -32768.000000 32764.000000
 11.824340 -14.740000 -32768.000000 32764.000000
 11.835094 -14.730000 -32768.000000 32764.000000
 11.845849 -14.720000 -32768.000000 32764.000000
 11.856604 -14.710000 -32768.000000 32764.000000
 11.867358 -14.700000 -32768.000000 32764.000000
 11.878113 -14.690000 -32768.000000 32764.000000
 11.888868 -14.680000 -32768.000000 32764.000000
 11.899623 -14.670000 -32768.000000 32764.000000
 11.910377 -14.660000 -32768.000000 32764.000000
 11.921132 -14.650000 -32768.000000 32764.000000
 11.931887 -14.640000 -32768.000000 32764.000000
 11.942642 -14.630000 -32768.000000 32764.000000
 11.953396 -14.620000 -32768.000000 32764.000000
 11.964151 -14.610000 -32768.000000 32764.000000
 11.974906 -14.600000 -32768.000000 32764.000000
 11.985660 -14.590000 -32768.000000 32764.000000
 11.996415 -14.580000 -32768.000000 32764.000000
 12.007170 -14.570000 -32768.000000 32764.000000
 12.017925 -14.560000 -32768.000000 32764.000000
 12.028679 -14.550000 -32768.000000 32764.000000
 12.039434 -14.540000 -32768.000000 32764.000000
 12.050189 -14.530000 -32768.000000 32764.000000
 12.060943 -14.520000 -32768.000000 32764.000000
 12.071698 -14.510000 -32768.000000 32764.000000
 12.082453 -14.500000 -32768.000000 32764.000000
 12.093208 -14.490000 -32768.000000 32764.000000
 12.103962 -14.480000 -32768.000000 32764.000000
 12.114717 -14.470000 -32768.000000 32764.000000
 12.125472 -14.460000 -32768.000000 32764.000000
 12.136226 -14.450000 -32768.000000 32764.000000
 12.146981 -14.440000 -32768.000000 32764.000000
 12.157736 -14.430000 -32768.000000 32764.000000
 12.168491 -14.420000 -32768.000000 32764.000000
 12.179245 -14.410000 -32768.000000 32764.000000
 12.190000 -14.400000 -32768.000000 32764.000000
 12.199180 -14.390000 -32768.000000 32764.000000
 12.208361 -14.380000 -32768.000000 32764.000000
 12.217541 -14.370000 -32768.000000 32764.000000
 12.226721 -14.360000 -32768.000000 32764.000000
 12.235902 -14.350000 -32768.000000 32764.000000
 12.245082 -14.340000 -32768.000000 32764.000000
 12.254262 -14.330000 -32768.000000 32764.000000
 12.263443 -14.320000 -32768.000000 32764.000000
 12.272623 -14.310000 -32768.000000 32764.000000
 12.281803 -14.300000 -32768.000000 32764.000000
 12.290984 -14.290000 -32768.000000 32764.000000
 12.300164 -14.280000 -32768.000000 32764.000000
 12.309344 -14.270000 -32768.000000 32764.000000
 12.318525 -14.260000 -32768.000000 32764.000000
 12.327705 -14.250000 -32768.000000 32764.000000
 12.336885 -14.240000 -32768.000000 32764.000000
 12.346066 -14.230000 -32768.000000 32764.000000
 12.355246 -14.220000 -32768.000000 32764.000000
 12.364426 -14.210000 -32768.000000 32764.000000
 12.373607 -14.200000 -32768.000000 32764.000000
 12.382787 -14.190000 -32768.000000 32764.000000
 12.391967 -14.180000 -32768.000000 32764.000000
 12.401148 -14.170000 -32768.000000 32764.000000
 12.410328 -14.160000 -32768.000000 32764.000000
 12.419508 -14.150000 -32768.000000 32764.000000
 12.428689 -14.140000 -32768.000000 32764.000000
 12.437869 -14.130000 -32768.000000 32764.000000
 12.447049 -14.120000 -32768.000000 32764.000000
 12.456230 -14.110000 -32768.000000 32764.000000
 12.465410 -14.100000 -32768.000000 32764.000000
 12.474590 -14.090000 -32768.000000 32764.000000
 12.483770 -14.080000 -32768.000000 32764.000000
 12.492951 -14.070000 -32768.000000 32764.000000
 12.502131 -14.060000 -32768.000000 32764.000000
 12.511311 -14.050000 -32768.000000 32764.000000
 12.520492 -14.040000 -32768.000000 32764.000000
 12.529672 -14.030000 -32768.000000 32764.000000
 12.538852 -14.020000 -32768.000000 32764.000000
 12.548033 -14.010000 -32768.000000 32764.000000
 12.557213 -14.000000 -32768.000000 32764.000000
