  1.622222  24.000000 -31464.000000 30600.000000
  1.633333  24.010000 -31500.000000 30628.000000
  1.644444  24.020000 -31488.000000 30648.000000
  1.655556  24.030000 -31516.000000 30660.000000
  1.666667  24.040000 -31532.000000 30676.000000
  1.677778  24.050000 -31552.000000 30700.000000
  1.688889  24.060000 -31576.000000 30724.000000
  1.700000  24.070000 -31572.000000 30716.000000
  1.711111  24.080000 -31612.000000 30760.000000
  1.722222  24.090000 -31640.000000 30792.000000
  1.733333  24.100000 -31660.000000 30808.000000
  1.744444  24.110000 -31684.000000 30832.000000
  1.755556  24.120000 -31716.000000 30860.000000
  1.766667  24.130000 -31724.000000 30884.000000
  1.777778  24.140000 -31740.000000 30876.000000
  1.788889  24.150000 -31788.000000 30932.000000
  1.800000  24.160000 -31788.000000 30936.000000
  1.811111  24.170000 -31812.000000 30964.000000
  1.822222  24.180000 -31848.000000 30996.000000
  1.833333  24.190000 -31852.000000 31004.000000
  1.844444  24.200000 -31880.000000 31028.000000
  1.855556  24.210000 -31880.000000 31028.000000
  1.866667  24.220000 -31924.000000 31068.000000
  1.877778  24.230000 -31956.000000 31100.000000
  1.888889  24.240000 -31972.000000 31124.000000
  1.900000  24.250000 -31984.000000 31132.000000
  1.911111  24.260000 -32012.000000 31168.000000
  1.922222  24.270000 -32036.000000 31196.000000
  1.933333  24.280000 -32040.000000 31192.000000
  1.944444  24.290000 -32080.000000 31232.000000
  1.955556  24.300000 -32112.000000 31264.000000
  1.966667  24.310000 -32124.000000 31268.000000
  1.977778  24.320000 -32144.000000 31300.000000
  1.988889  24.330000 -32176.000000 31328.000000
  2.000000  24.340000 -32204.000000 31360.000000
  2.012195  24.350000 -32204.000000 31368.000000
  2.024390  24.360000 -32244.000000 31388.000000
  2.036585  24.370000 -32276.000000 31428.000000
  2.048780  24.380000 -32296.000000 31460.000000
  2.060976  24.390000 -32324.000000 31488.000000
  2.073171  24.400000 -32332.000000 31488.000000
  2.085366  24.410000 -32368.000000 31512.000000
  2.097561  24.420000 -32360.000000 31516.000000
  2.109756  24.430000 -32424.000000 31576.000000
  2.121951  24.440000 -32436.000000 31600.000000
  2.134146  24.450000 -32468.000000 31624.000000
  2.146341  24.460000 -32484.000000 31644.000000
  2.158537  24.470000 -32512.000000 31660.000000
  2.170732  24.480000 -32532.000000 31692.000000
  2.182927  24.490000 -32544.000000 31692.000000
  2.195122  24.500000 -32588.000000 31744.000000
  2.207317  24.510000 -32620.000000 31780.000000
  2.219512  24.520000 -32628.000000 31784.000000
  2.231707  24.530000 -32668.000000 31812.000000
  2.243902  24.540000 -32684.000000 31836.000000
  2.256098  24.550000 -32704.000000 31860.000000
  2.268293  24.560000 -32720.000000 31860.000000
  2.280488  24.570000 -32768.000000 31916.000000
  2.292683  24.580000 -32768.000000 31924.000000
  2.304878  24.590000 -32768.000000 31952.000000
  2.317073  24.600000 -32768.000000 31980.000000
  2.329268  24.610000 -32768.000000 32008.000000
  2.341463  24.620000 -32768.000000 32036.000000
  2.353659  24.630000 -32768.000000 32036.000000
  2.365854  24.640000 -32768.000000 32072.000000
  2.378049  24.650000 -32768.000000 32104.000000
  2.390244  24.660000 -32768.000000 32124.000000
  2.402439  24.670000 -32768.000000 32148.000000
  2.414634  24.680000 -32768.000000 32172.000000
  2.426829  24.690000 -32768.000000 32196.000000
  2.439024  24.700000 -32768.000000 32200.000000
  2.451220  24.710000 -32768.000000 32240.000000
  2.463415  24.720000 -32768.000000 32264.000000
  2.475610  24.730000 -32768.000000 32292.000000
  2.487805  24.740000 -32768.000000 32320.000000
  2.500000  24.750000 -32768.000000 32340.000000
  2.515625  24.760000 -32768.000000 32376.000000
  2.531250  24.770000 -32768.000000 32388.000000
  2.546875  24.780000 -32768.000000 32428.000000
  2.562500  24.790000 -32768.000000 32452.000000
  2.578125  24.800000 -32768.000000 32480.000000
  2.593750  24.810000 -32768.000000 32520.000000
  2.609375  24.820000 -32768.000000 32548.000000
  2.625000  24.830000 -32768.000000 32576.000000
  2.640625  24.840000 -32768.000000 32612.000000
  2.656250  24.850000 -32768.000000 32628.000000
  2.671875  24.860000 -32768.000000 32652.000000
  2.687500  24.870000 -32768.000000 32684.000000
  2.703125  24.880000 -32768.000000 32716.000000
  2.718750  24.890000 -32768.000000 32740.000000
  2.734375  24.900000 -32768.000000 32764.000000
  2.750000  24.910000 -32768.000000 32764.000000
  2.765625  24.920000 -32768.000000 32764.000000
  2.781250  24.930000 -32768.000000 32764.000000
  2.796875  24.940000 -32768.000000 32764.000000
  2.812500  24.950000 -32768.000000 32764.000000
  2.828125  24.960000 -32768.000000 32764.000000
  2.843750  24.970000 -32768.000000 32764.000000
  2.859375  24.980000 -32768.000000 32764.000000
  2.875000  24.990000 -32768.000000 32764.000000
  2.890625  25.000000 -32768.000000 32764.000000
