-29.807018 -10.000000 -1148.000000 296.000000
-29.543860  -9.700000 -1168.000000 324.000000
-29.254902  -9.400000 -1196.000000 356.000000
-28.966102  -9.100000 -1224.000000 376.000000
-28.711864  -8.800000 -1256.000000 404.000000
-28.444444  -8.500000 -1284.000000 440.000000
-28.111111  -8.200000 -1308.000000 464.000000
-27.821429  -7.900000 -1340.000000 492.000000
-27.553571  -7.600000 -1368.000000 520.000000
-27.250000  -7.300000 -1400.000000 552.000000
-26.940000  -7.000000 -1436.000000 584.000000
-26.640000  -6.700000 -1464.000000 628.000000
-26.349057  -6.400000 -1500.000000 652.000000
-26.066038  -6.100000 -1536.000000 688.000000
-25.787037  -5.800000 -1576.000000 724.000000
-25.509259  -5.500000 -1608.000000 756.000000
-25.177778  -5.200000 -1648.000000 804.000000
-24.862745  -4.900000 -1692.000000 848.000000
-24.568627  -4.600000 -1732.000000 880.000000
-24.255319  -4.300000 -1780.000000 928.000000
-23.941176  -4.000000 -1820.000000 976.000000
-23.647059  -3.700000 -1864.000000 1020.000000
-23.325581  -3.400000 -1920.000000 1068.000000
-22.981132  -3.100000 -1980.000000 1132.000000
-22.698113  -2.800000 -2024.000000 1176.000000
-22.402174  -2.500000 -2080.000000 1228.000000
-22.076087  -2.200000 -2132.000000 1288.000000
-21.770000  -1.900000 -2192.000000 1344.000000
-21.468085  -1.600000 -2252.000000 1408.000000
-21.148936  -1.300000 -2316.000000 1468.000000
-20.843137  -1.000000 -2396.000000 1540.000000
-20.549020  -0.700000 -2452.000000 1608.000000
-20.234043  -0.400000 -2520.000000 1668.000000
-19.920000  -0.100000 -2592.000000 1744.000000
-19.620000   0.200000 -2668.000000 1828.000000
-19.320000   0.500000 -2748.000000 1896.000000
-19.020000   0.800000 -2828.000000 1980.000000
-18.695652   1.100000 -2912.000000 2068.000000
-18.384615   1.400000 -3004.000000 2160.000000
-18.096154   1.700000 -3088.000000 2244.000000
-17.807692   2.000000 -3180.000000 2332.000000
-17.519231   2.300000 -3264.000000 2420.000000
-17.202128   2.600000 -3372.000000 2528.000000
-16.892157   2.900000 -3476.000000 2628.000000
-16.598039   3.200000 -3576.000000 2732.000000
-16.291667   3.500000 -3688.000000 2840.000000
-15.982456   3.800000 -3804.000000 2948.000000
-15.719298   4.100000 -3900.000000 3052.000000
-15.444444   4.400000 -4008.000000 3164.000000
-15.111111   4.700000 -4148.000000 3296.000000
-14.803922   5.000000 -4268.000000 3424.000000
-14.509804   5.300000 -4396.000000 3548.000000
-14.210000   5.600000 -4528.000000 3680.000000
-13.897727   5.900000 -4672.000000 3824.000000
-13.556818   6.200000 -4836.000000 3992.000000
-13.244898   6.500000 -4996.000000 4144.000000
-12.943396   6.800000 -5152.000000 4300.000000
-12.660377   7.100000 -5300.000000 4460.000000
-12.361702   7.400000 -5460.000000 4612.000000
-12.042553   7.700000 -5652.000000 4804.000000
-11.740000   8.000000 -5832.000000 4976.000000
-11.433333   8.300000 -6012.000000 5164.000000
-11.100000   8.600000 -6224.000000 5380.000000
-10.798077   8.900000 -6420.000000 5576.000000
-10.509615   9.200000 -6620.000000 5776.000000
-10.210000   9.500000 -6832.000000 5980.000000
 -9.910000   9.800000 -7052.000000 6212.000000
 -9.610000  10.100000 -7276.000000 6432.000000
 -9.317308  10.400000 -7508.000000 6664.000000
 -9.028846  10.700000 -7744.000000 6900.000000
 -8.712766  11.000000 -8012.000000 7168.000000
 -8.403846  11.300000 -8288.000000 7432.000000
 -8.115385  11.600000 -8536.000000 7688.000000
 -7.795455  11.900000 -8832.000000 7988.000000
 -7.459184  12.200000 -9160.000000 8308.000000
 -7.153061  12.500000 -9472.000000 8624.000000
 -6.866071  12.800000 -9756.000000 8912.000000
 -6.598214  13.100000 -10032.000000 9188.000000
 -6.279070  13.400000 -10376.000000 9532.000000
 -5.950820  13.700000 -10968.000000 10116.000000
 -5.704918  14.000000 -11036.000000 10184.000000
 -5.450000  14.300000 -11352.000000 10500.000000
 -5.150000  14.600000 -11728.000000 10880.000000
 -4.858491  14.900000 -12108.000000 11260.000000
 -4.575472  15.200000 -12500.000000 11640.000000
 -4.270833  15.500000 -12924.000000 12080.000000
 -3.960784  15.800000 -13368.000000 12516.000000
 -3.666667  16.100000 -13804.000000 12956.000000
 -3.370000  16.400000 -14272.000000 13420.000000
 -3.070000  16.700000 -14744.000000 13896.000000
 -2.774510  17.000000 -15224.000000 14384.000000
 -2.479167  17.300000 -15740.000000 14880.000000
 -2.166667  17.600000 -16264.000000 15412.000000
 -1.867925  17.900000 -16788.000000 15936.000000
 -1.584906  18.200000 -17292.000000 16440.000000
 -1.276596  18.500000 -17860.000000 17016.000000
 -0.953488  18.800000 -18464.000000 17616.000000
 -0.604651  19.100000 -19124.000000 18280.000000
 -0.285714  19.400000 -19748.000000 18904.000000
  0.021277  19.700000 -20348.000000 19504.000000
  0.340426  20.000000 -20984.000000 20132.000000
