-29.741379  -7.000000 -1436.000000 596.000000
-29.455357  -6.670000 -1476.000000 636.000000
-29.160714  -6.340000 -1516.000000 668.000000
-28.872881  -6.010000 -1560.000000 700.000000
-28.593220  -5.680000 -1588.000000 740.000000
-28.292453  -5.350000 -1632.000000 788.000000
-27.980000  -5.020000 -1680.000000 824.000000
-27.650000  -4.690000 -1720.000000 876.000000
-27.333333  -4.360000 -1772.000000 924.000000
-27.027778  -4.030000 -1820.000000 976.000000
-26.700000  -3.700000 -1868.000000 1028.000000
-26.361702  -3.370000 -1928.000000 1076.000000
-26.010638  -3.040000 -1980.000000 1140.000000
-25.680000  -2.710000 -2040.000000 1196.000000
-25.340426  -2.380000 -2100.000000 1256.000000
-24.989130  -2.050000 -2160.000000 1320.000000
-24.630435  -1.720000 -2236.000000 1384.000000
-24.271739  -1.390000 -2308.000000 1472.000000
-23.924528  -1.060000 -2380.000000 1532.000000
-23.613208  -0.730000 -2448.000000 1604.000000
-23.266667  -0.400000 -2520.000000 1680.000000
-22.913462  -0.070000 -2612.000000 1760.000000
-22.596154   0.260000 -2688.000000 1836.000000
-22.244444   0.590000 -2776.000000 1924.000000
-21.882979   0.920000 -2868.000000 2016.000000
-21.531915   1.250000 -2964.000000 2120.000000
-21.200000   1.580000 -3060.000000 2212.000000
-20.867347   1.910000 -3156.000000 2308.000000
-20.530612   2.240000 -3264.000000 2412.000000
-20.193878   2.570000 -3364.000000 2524.000000
-19.870370   2.900000 -3476.000000 2632.000000
-19.564815   3.230000 -3588.000000 2736.000000
-19.229167   3.560000 -3708.000000 2864.000000
-18.903509   3.890000 -3828.000000 2980.000000
-18.614035   4.220000 -3936.000000 3092.000000
-18.282609   4.550000 -4072.000000 3228.000000
-17.925532   4.880000 -4228.000000 3380.000000
-17.574468   5.210000 -4380.000000 3528.000000
-17.250000   5.540000 -4528.000000 3684.000000
-16.928571   5.870000 -4676.000000 3832.000000
-16.591837   6.200000 -4840.000000 4004.000000
-16.269231   6.530000 -5000.000000 4156.000000
-15.948980   6.860000 -5160.000000 4316.000000
-15.612245   7.190000 -5348.000000 4500.000000
-15.260870   7.520000 -5532.000000 4692.000000
-14.910000   7.850000 -5740.000000 4892.000000
-14.580000   8.180000 -5940.000000 5092.000000
-14.239583   8.510000 -6144.000000 5304.000000
-13.893617   8.840000 -6372.000000 5524.000000
-13.542553   9.170000 -6608.000000 5768.000000
-13.204082   9.500000 -6844.000000 6000.000000
-12.875000   9.830000 -7080.000000 6240.000000
-12.557692  10.160000 -7320.000000 6472.000000
-12.206522  10.490000 -7588.000000 6740.000000
-11.862745  10.820000 -7864.000000 7024.000000
-11.539216  11.150000 -8140.000000 7300.000000
-11.197917  11.480000 -8440.000000 7588.000000
-10.854167  11.810000 -8744.000000 7904.000000
-10.510417  12.140000 -9072.000000 8220.000000
-10.173469  12.470000 -9408.000000 8560.000000
 -9.851852  12.800000 -9736.000000 8884.000000
 -9.546296  13.130000 -10060.000000 9212.000000
 -9.195652  13.460000 -10444.000000 9596.000000
 -8.872881  13.790000 -10812.000000 9980.000000
 -8.593220  14.120000 -11144.000000 10296.000000
 -8.292453  14.450000 -11512.000000 10668.000000
 -7.977778  14.780000 -11916.000000 11068.000000
 -7.611111  15.110000 -12392.000000 11548.000000
 -7.274510  15.440000 -12848.000000 12012.000000
 -6.948980  15.770000 -13308.000000 12460.000000
 -6.612245  16.100000 -13796.000000 12956.000000
 -6.265957  16.430000 -14308.000000 13460.000000
 -5.918367  16.760000 -14828.000000 13976.000000
 -5.581633  17.090000 -15408.000000 14556.000000
 -5.250000  17.420000 -15988.000000 15136.000000
 -4.925926  17.750000 -16552.000000 15712.000000
 -4.620370  18.080000 -17124.000000 16284.000000
 -4.300000  18.410000 -17740.000000 16892.000000
 -3.970588  18.740000 -18404.000000 17564.000000
 -3.647059  19.070000 -19056.000000 18220.000000
 -3.333333  19.400000 -19800.000000 18872.000000
 -3.027778  19.730000 -20388.000000 19536.000000
 -2.666667  20.060000 -21192.000000 20344.000000
 -2.333333  20.390000 -21960.000000 21100.000000
 -2.027778  20.720000 -22640.000000 21796.000000
 -1.666667  21.050000 -23488.000000 22640.000000
 -1.312500  21.380000 -24308.000000 23460.000000
 -0.971154  21.710000 -25116.000000 24284.000000
 -0.653846  22.040000 -25872.000000 25032.000000
 -0.282051  22.370000 -26776.000000 25928.000000
  0.119565  22.700000 -27736.000000 26872.000000
  0.478261  23.030000 -28580.000000 27732.000000
  0.836957  23.360000 -29424.000000 28572.000000
  1.236842  23.690000 -30352.000000 29508.000000
  1.644444  24.020000 -31260.000000 30408.000000
  2.012195  24.350000 -32052.000000 31208.000000
  2.414634  24.680000 -32768.000000 32036.000000
  2.906250  25.010000 -32768.000000 32764.000000
  3.482143  25.340000 -32768.000000 32764.000000
  4.145833  25.670000 -32768.000000 32764.000000
  5.000000  26.000000 -32768.000000 32764.000000
