-29.741379  -7.000000 -1440.000000 604.000000
-29.491071  -6.710000 -1484.000000 628.000000
-29.232143  -6.420000 -1512.000000 668.000000
-28.974576  -6.130000 -1552.000000 700.000000
-28.728814  -5.840000 -1580.000000 736.000000
-28.481132  -5.550000 -1612.000000 764.000000
-28.207547  -5.260000 -1648.000000 804.000000
-27.930000  -4.970000 -1688.000000 852.000000
-27.640000  -4.680000 -1732.000000 884.000000
-27.361111  -4.390000 -1780.000000 944.000000
-27.092593  -4.100000 -1812.000000 964.000000
-26.810000  -3.810000 -1860.000000 1016.000000
-26.520000  -3.520000 -1904.000000 1060.000000
-26.212766  -3.230000 -1956.000000 1116.000000
-25.910000  -2.940000 -2012.000000 1164.000000
-25.620000  -2.650000 -2060.000000 1212.000000
-25.319149  -2.360000 -2112.000000 1276.000000
-25.010638  -2.070000 -2172.000000 1324.000000
-24.695652  -1.780000 -2236.000000 1388.000000
-24.380435  -1.490000 -2296.000000 1452.000000
-24.065217  -1.200000 -2360.000000 1508.000000
-23.783019  -0.910000 -2424.000000 1580.000000
-23.509434  -0.620000 -2488.000000 1636.000000
-23.188889  -0.330000 -2552.000000 1712.000000
-22.884615  -0.040000 -2624.000000 1784.000000
-22.605769   0.250000 -2692.000000 1848.000000
-22.300000   0.540000 -2772.000000 1936.000000
-21.978723   0.830000 -2856.000000 2012.000000
-21.670213   1.120000 -2936.000000 2096.000000
-21.370000   1.410000 -3040.000000 2180.000000
-21.080000   1.700000 -3104.000000 2264.000000
-20.785714   1.990000 -3196.000000 2348.000000
-20.489796   2.280000 -3288.000000 2440.000000
-20.193878   2.570000 -3392.000000 2540.000000
-19.907407   2.860000 -3480.000000 2636.000000
-19.638889   3.150000 -3572.000000 2728.000000
-19.354167   3.440000 -3680.000000 2832.000000
-19.052083   3.730000 -3788.000000 2948.000000
-18.789474   4.020000 -3888.000000 3048.000000
-18.535088   4.310000 -3996.000000 3148.000000
-18.228261   4.600000 -4116.000000 3272.000000
-17.914894   4.890000 -4252.000000 3404.000000
-17.606383   5.180000 -4388.000000 3540.000000
-17.317308   5.470000 -4536.000000 3688.000000
-17.038462   5.760000 -4652.000000 3804.000000
-16.744898   6.050000 -4792.000000 3940.000000
-16.451923   6.340000 -4932.000000 4088.000000
-16.173077   6.630000 -5076.000000 4236.000000
-15.887755   6.920000 -5228.000000 4376.000000
-15.591837   7.210000 -5384.000000 4544.000000
-15.282609   7.500000 -5568.000000 4712.000000
-14.970000   7.790000 -5732.000000 4884.000000
-14.680000   8.080000 -5912.000000 5064.000000
-14.385417   8.370000 -6100.000000 5244.000000
-14.083333   8.660000 -6284.000000 5436.000000
-13.776596   8.950000 -6492.000000 5640.000000
-13.469388   9.240000 -6696.000000 5840.000000
-13.173469   9.530000 -6908.000000 6056.000000
-12.884615   9.820000 -7108.000000 6268.000000
-12.605769  10.110000 -7324.000000 6480.000000
-12.304348  10.400000 -7552.000000 6708.000000
-11.990196  10.690000 -7800.000000 6960.000000
-11.705882  10.980000 -8036.000000 7196.000000
-11.416667  11.270000 -8296.000000 7444.000000
-11.114583  11.560000 -8592.000000 7740.000000
-10.812500  11.850000 -8832.000000 7988.000000
-10.510417  12.140000 -9120.000000 8276.000000
-10.214286  12.430000 -9408.000000 8568.000000
 -9.925926  12.720000 -9716.000000 8856.000000
 -9.657407  13.010000 -9988.000000 9144.000000
 -9.369565  13.300000 -10304.000000 9456.000000
 -9.054348  13.590000 -10664.000000 9816.000000
 -8.796610  13.880000 -10960.000000 10116.000000
 -8.550847  14.170000 -11268.000000 10416.000000
 -8.283019  14.460000 -11588.000000 10752.000000
 -8.009434  14.750000 -11936.000000 11088.000000
 -7.688889  15.040000 -12348.000000 11512.000000
 -7.382353  15.330000 -12768.000000 11920.000000
 -7.098039  15.620000 -13164.000000 12320.000000
 -6.806122  15.910000 -13584.000000 12736.000000
 -6.510204  16.200000 -14020.000000 13180.000000
 -6.202128  16.490000 -14488.000000 13644.000000
 -5.897959  16.780000 -14932.000000 14088.000000
 -5.602041  17.070000 -15460.000000 14608.000000
 -5.310000  17.360000 -15948.000000 15108.000000
 -5.020000  17.650000 -16556.000000 15704.000000
 -4.750000  17.940000 -16984.000000 16124.000000
 -4.480000  18.230000 -17480.000000 16640.000000
 -4.190000  18.520000 -18052.000000 17208.000000
 -3.901961  18.810000 -18628.000000 17780.000000
 -3.617647  19.100000 -19216.000000 18376.000000
 -3.342593  19.390000 -19792.000000 18948.000000
 -3.074074  19.680000 -20380.000000 19540.000000
 -2.766667  19.970000 -21080.000000 20228.000000
 -2.453704  20.260000 -21772.000000 20936.000000
 -2.185185  20.550000 -22388.000000 21544.000000
 -1.900000  20.840000 -23044.000000 22196.000000
 -1.577778  21.130000 -23796.000000 22956.000000
 -1.270833  21.420000 -24516.000000 23672.000000
 -0.971154  21.710000 -25236.000000 24388.000000
 -0.692308  22.000000 -25896.000000 25056.000000
