-29.741379  -7.000000 -1444.000000 588.000000
-29.455357  -6.670000 -1480.000000 636.000000
-29.160714  -6.340000 -1524.000000 672.000000
-28.872881  -6.010000 -1556.000000 708.000000
-28.593220  -5.680000 -1596.000000 744.000000
-28.292453  -5.350000 -1636.000000 784.000000
-27.980000  -5.020000 -1684.000000 836.000000
-27.650000  -4.690000 -1732.000000 880.000000
-27.333333  -4.360000 -1776.000000 924.000000
-27.027778  -4.030000 -1824.000000 976.000000
-26.700000  -3.700000 -1876.000000 1028.000000
-26.361702  -3.370000 -1928.000000 1076.000000
-26.010638  -3.040000 -1988.000000 1136.000000
-25.680000  -2.710000 -2052.000000 1196.000000
-25.340426  -2.380000 -2112.000000 1260.000000
-24.989130  -2.050000 -2180.000000 1320.000000
-24.630435  -1.720000 -2244.000000 1396.000000
-24.271739  -1.390000 -2312.000000 1460.000000
-23.924528  -1.060000 -2392.000000 1536.000000
-23.613208  -0.730000 -2456.000000 1604.000000
-23.266667  -0.400000 -2532.000000 1688.000000
-22.913462  -0.070000 -2620.000000 1764.000000
-22.596154   0.260000 -2696.000000 1840.000000
-22.244444   0.590000 -2780.000000 1932.000000
-21.882979   0.920000 -2880.000000 2036.000000
-21.531915   1.250000 -2972.000000 2120.000000
-21.200000   1.580000 -3068.000000 2220.000000
-20.867347   1.910000 -3176.000000 2316.000000
-20.530612   2.240000 -3268.000000 2432.000000
-20.193878   2.570000 -3384.000000 2528.000000
-19.870370   2.900000 -3488.000000 2640.000000
-19.564815   3.230000 -3592.000000 2752.000000
-19.229167   3.560000 -3724.000000 2876.000000
-18.903509   3.890000 -3848.000000 2988.000000
-18.614035   4.220000 -3948.000000 3104.000000
-18.282609   4.550000 -4092.000000 3244.000000
-17.925532   4.880000 -4240.000000 3388.000000
-17.574468   5.210000 -4396.000000 3540.000000
-17.250000   5.540000 -4540.000000 3692.000000
-16.928571   5.870000 -4692.000000 3844.000000
-16.591837   6.200000 -4852.000000 4008.000000
-16.269231   6.530000 -5016.000000 4160.000000
-15.948980   6.860000 -5192.000000 4336.000000
-15.612245   7.190000 -5364.000000 4512.000000
-15.260870   7.520000 -5556.000000 4716.000000
-14.910000   7.850000 -5756.000000 4912.000000
-14.580000   8.180000 -5952.000000 5104.000000
-14.239583   8.510000 -6176.000000 5320.000000
-13.893617   8.840000 -6396.000000 5544.000000
-13.542553   9.170000 -6636.000000 5792.000000
-13.204082   9.500000 -6872.000000 6020.000000
-12.875000   9.830000 -7108.000000 6260.000000
-12.557692  10.160000 -7344.000000 6496.000000
-12.206522  10.490000 -7620.000000 6764.000000
-11.862745  10.820000 -7896.000000 7044.000000
-11.539216  11.150000 -8172.000000 7312.000000
-11.197917  11.480000 -8472.000000 7612.000000
-10.854167  11.810000 -8784.000000 7924.000000
-10.510417  12.140000 -9108.000000 8248.000000
-10.173469  12.470000 -9484.000000 8584.000000
 -9.851852  12.800000 -9768.000000 8920.000000
 -9.546296  13.130000 -10100.000000 9244.000000
 -9.195652  13.460000 -10484.000000 9636.000000
 -8.872881  13.790000 -10860.000000 10020.000000
 -8.593220  14.120000 -11200.000000 10336.000000
 -8.292453  14.450000 -11552.000000 10704.000000
 -7.977778  14.780000 -11964.000000 11112.000000
 -7.611111  15.110000 -12448.000000 11592.000000
 -7.274510  15.440000 -12892.000000 12040.000000
 -6.948980  15.770000 -13360.000000 12508.000000
 -6.612245  16.100000 -13844.000000 12992.000000
 -6.265957  16.430000 -14368.000000 13512.000000
 -5.918367  16.760000 -14892.000000 14036.000000
 -5.581633  17.090000 -15464.000000 14604.000000
 -5.250000  17.420000 -16044.000000 15180.000000
 -4.925926  17.750000 -16616.000000 15756.000000
 -4.620370  18.080000 -17184.000000 16332.000000
 -4.300000  18.410000 -17828.000000 16960.000000
 -3.970588  18.740000 -18464.000000 17612.000000
 -3.647059  19.070000 -19136.000000 18280.000000
 -3.333333  19.400000 -19868.000000 19028.000000
 -3.027778  19.730000 -20456.000000 19596.000000
 -2.666667  20.060000 -21268.000000 20408.000000
 -2.333333  20.390000 -22008.000000 21164.000000
 -2.027778  20.720000 -22720.000000 21872.000000
 -1.666667  21.050000 -23552.000000 22708.000000
 -1.312500  21.380000 -24392.000000 23548.000000
 -0.971154  21.710000 -25192.000000 24344.000000
 -0.653846  22.040000 -25964.000000 25116.000000
 -0.282051  22.370000 -26864.000000 26004.000000
  0.119565  22.700000 -27832.000000 26960.000000
  0.478261  23.030000 -28692.000000 27828.000000
  0.836957  23.360000 -29540.000000 28668.000000
  1.236842  23.690000 -30456.000000 29596.000000
  1.644444  24.020000 -31372.000000 30508.000000
  2.012195  24.350000 -32160.000000 31312.000000
  2.414634  24.680000 -32768.000000 32148.000000
  2.906250  25.010000 -32768.000000 32764.000000
  3.482143  25.340000 -32768.000000 32764.000000
  4.145833  25.670000 -32768.000000 32764.000000
  5.000000  26.000000 -32768.000000 32764.000000
